027847795320018912
075267795320018318
079227792371047625
082627896116880017
083057896116862051
083177896116862105
095607795354000068
095617795354000075
149887792371033109
259107792371010810
267013534510004601
267023534510004618
306307795320050899
307437795320050905
338087798032931937
398127798032932293
398147798032932262
422327896116862136
438177795348000210
465767795348000098
480777798047984119
500137798032935003
508107798032935294
513177896116863461
559697798032933665
560667798032935997
580667798032936499
