0066107795320010510
0121107793640000464
0278407501303436501
0296607793640216056
0306807793081045260
0307307793081043532
0307507793081043617
0313507797991144501
0313607797991144518
0330707797991145560
0540107797991145706
0540207797991145713
0540307797991145720
0540407797991145737
0618907795318001018
0619107795318000295
0713207795354320005
0750907792371070128
0752607795320018318
0753507793640047612
0762607793640016427
0792207793640047629
0810207793640679868
0828807795320004410
0828907795320004519
0829207795320004816
0830407501303430509
0831007501303419825
0831607795320007718
0875607797991145690
0956807793081057805
1014807795320018813
1039807797991145782
1077207795348050123
1122607793081023343
1123007793081044546
1184507797991145652
1239407793640117216
1239507793640117230
1279307795354040002
1369807795320041811
1478507795320034912
1490507793081066906
1498807793640117193
1502807793081044607
1570207793640214977
1570307793640214960
1588307795318001049
1601907798028620036
1602507798028620012
1617507795348001217
1617607795348002900
1628707795380001732
1633007795348001118
1747707793640237402
1818207797991144433
1822507798032935706
1865807795348001583
1866207795318001063
1873507795320000870
1885707792371070111
1943907793640679905
1962307795348001859
2096107795348002580
2121607797991065974
2131407795348002382
2156407797991065431
2196807795348002771
2196907795348002788
2203707797991065585
2217807793081048353
2228707795348002863
2228807795348002856
2253107797991146529
2308607795348002962
2308707795348002955
2309607795320050417
2330107795320050431
2376807793640235972
2558307795348003037
2569107793640233381
2591007793640010814
2591107793640058304
2591207793640058311
2610807793640125822
2610907793640560036
2644407793640002512
2670107793640602491
2670207793640602514
2670307793640679844
2683207795348003068
2683307795348003082
2714407797991066285
2757907795354820147
2837507795348003419
2839707797991065967
2847507793640802532
2859007793081050974
2866307793640018445
2880907793081012217
2881007793081012224
2887907795318001230
2889407793640016014
2980407795318001261
3012707793640215479
3012807793640215486
3033807797991146703
3063007795320050899
3074307795320050905
3105207793640547037
3128307797991146710
3130807797991146802
3137407793742005992
3183107795320050912
3190607797991146772
3252907793640002673
3253007793640002680
3267507795318001285
3267607795318001292
3342807793081094749
3343307793640216063
3344907793640215509
3348307793081082173
3348407793081082197
3371207793081050998
3380707798032931920
3381007798032931951
3386007797991146895
3399307797991146918
3399407797991146925
3403707793640215523
3437207793640215547
3449807795348250189
3492007793640215554
3492107793640215561
3581407797991114788
3581507797991114795
3581607797991114801
3585707797991114825
3614707798032932217
3628007798028623136
3638507795348250387
3638607795348250370
3663007793742005985
3668407795320051001
3692107797991146130
3781207703331510837
3843807793081048339
3970507797991150090
3981607798032932224
3996607795348250943
4019707798032932484
4019907798032932095
4130107798167580208
4150207793640232254
4150307793640232261
4156107798032933399
4163707793640215622
4168407795348251056
4178407798032933580
4203807798032934778
4223207795320051100
4264207793640215646
4264307793640215653
4341107793640991755
4357107793640217985
4367007795320051124
4381207793640002475
4430607793640992455
4443207795348251179
4487807793640000938
4487907793640000945
4490707798032934556
4497207795348251223
4566507795318001438
4587107795348250844
4587207795348250851
4587307795348000081
4620107798160690096
4622107795320051247
4642307501303451528
4654907795348000258
4665307798032934013
4670707793640002093
4687807795320000047
4722607795348000326
4727107798032934211
4743907795348000357
4751607795348000142
4751707795348000159
4755807798032934273
4781007795320000245
4781107795320000252
4781207795320000269
4784907793640003328
4786407798032934297
4801407795318000097
4817107795348000371
4821907798032934426
4827307795320000382
4901607798032934686
4906907795318000066
4907007795318000073
4908307795348001705
4940207798033100516
4959707795348001521
5001207798032934990
5025507798032935096
5025607798032935126
5025707798032935140
5032007798032934730
5035407798032935041
5039607798047980043
5039707798047980036
5039807795348002184
5039907795348002191
5040007798032935157
5040107798032935164
5040607795348002221
5045707795320000504
5051507798032935027
5051607798032935171
5091007798091910126
5091107798091910102
5091207798091910119
5091307798091910089
5092407798091910096
5102507795320000689
5115807798091910249
5115907798091910256
5116007798091910263
5116107798091910270
5116207798091910195
5119907798091910140
5120007798091910133
5120207798091910218
5121107798091910232
5121207798091910225
5123707798091910188
5128407798091910164
5144907795348002825
5145907798033100547
5194307795348002979
5196607793640000839
5196707793640000747
5196807793640000754
5196907793640000761
5197007793640000778
5222807798163500125
5222907798163500132
5223107790375003302
5223207798313410045
5232007795348002931
5240307795320000528
5240407793640215585
5240607795320000603
5240707795320000610
5241107795320000658
5241207795320000665
5241307795320000320
5250207790375003937
5258007795348001514
5259907798091910287
5260007798091910294
5267207795348002795
5267307795348002818
5306807795348002924
5308107790375003944
5314107795320000566
5324907798032936635
5329107795348003013
5346207798313410052
5354707795348003242
5374307798091910379
5374407798091910362
5383107798091910393
5387307793640004707
5387407793640001065
5416007798091910416
5428007795348250431
5429907795348000968
5483807798091910515
5486507798091910522
5502907793640991960
5514007795348421091
5539107793640992011
5539207793640992004
5545407798313410069
5554907798091910447
5571207798091910461
5584407795348421602
5593007798091910508
5593807795320052015
5593907795320052008
5594007795348421718
5594107795348421732
5594207795348421725
5594307795348421749
5596307798033100592
5606507798032936048
5612107798167580789
5612207798167580956
5614807795348421831
5635907798032936109
5651107798091910560
5659207798091910553
5678207795320052084
5700907798091910584
5727907793081098440
5760007798091910478
5760107798091910454
5762107795348423446
5769107798091910676
5769307798091910645
5769407798091910652
5773207798032936314
5809407798091910614
5831507795348423354
5834807798032936208
5841507798032937212
5841607798032936239
5843207798032937489
5851107798032937199
5852707795320052145
5856107798091910638
5863207798032936826
5883807793640992448
5895407795348424498
5895507795348424504
5916407795320053357
5921107798091910546
5926107795348424412
5926207795348424429
5963007795320053302
5963107795320053296
