00661010032600964000542/0.035         000030000500002
01196010067002428000041               000880004500009
012110100037040460005415              000030000500002
01330010066010289000040.1/0.1/2       000880004500009
0278401000100545600007600             000030000500011
02966010067002428000271               000880004000009
030680100588012140000450/100          000900004500009
03073010007901182000040.05            000900004700009
03075010007901182000270.05            000900004800009
031350100356035360005410/25           000030000500002
031360300356035360005410/25           000030000500002
033070100356035360005420/12.5         000030000500002
054010100180035280005410              000030000500002
054020300180035280005410              000030000500002
054030100180035280005420              000030000500002
054040300180035280005420              000030000500002
05905010028704342000391               000880005100009
05906010028704342000391               000880005100009
061890100185063140005430              000030000500002
0619101000360282600054150/30          000040000500002
0713201005730120300012                000010005400009
07509050018701302000543               000030000500002
075260100036046310005430/75           000040000500002
07535010048309266000542000            000030000500002
0762601001820256400054                000010000500002
07922030048309266000542000            000030000500002
0810203004260928500054                000010000500002
08262010032601194000540.25/2          000030000500002
0828801000360578800054150/30          000040000500002
08289010067005456000041               000880004500009
08292010001005456000041               000880006100011
083040100326038160000310/250          000140001300003
08305010032600844000542/0.01          000030000500002
0831001003260506600003500             000140001200003
0831601004920858000003250             000140001300003
0831701000360578800054                000010000500002
0873001004680111600023                000010009100009
087550500518003650000452              000880004100009
08756010018003528000545               000030000500002
0875701000440023900023                000010004100009
09332010028704342000390.24            000880005100009
09333010028704342000390.24            000880005100009
0956001007060025200004                000010005800009
0956103007060025200012                000010003600009
095680100643024360000410/0.5          000350004400009
1014801005380080700004                000010004500009
103980100101000680005410              000030000500002
10772110003410782000035000            000450001400018
11226010007901182000160.5             000140003500002
1123001002521084300004100             000900004700009
1169801004021050000029                000010000500001
11845010056600391000545               000030000500002
1239402000250011700054                000010000500002
1239505000250011700054                000010000500002
1279301003670021300027                000010004000009
1369801004030578800054150/30          000040000500002
14785010003600490000035/50            000140001300003
1490501002521084300004100             000900004700009
1498801004630095300002                000010000500002
1502801002521084300027100             000900004800009
1570201006710725200002                000010000500002
1570303006710725200002                000010000500002
1588301000360282600054150/20          000040000500002
1601901003070011700010                000010005800002
1602503002270052700054                000010000500002
161750100073003960000310              000030000500004
161760100073003960000350              000030000500004
16287010029104278000541               000030000500002
16330010004106992000032               000140002200004
1682201004071050000031                000010000500001
1700901005630013300002200             000040000500002
1747701000370404600054100             000030000500002
181820100101000680005420              000030000500002
182250100227007840001049.116          000880005300002
1836801004071050000035                000010000500001
18658010005500886000036               000140001400004
186620300185010640005430              000030000500002
187350100036046310005420/75           000040000500002
18857010018701302000543               000030000500002
1943901004980928500054                000010000500002
196230100600094080001050              000050005400002
2006101003670111600026                000010003600009
2006201004680111600012                000010003600009
2068301005180111600040                000010003600009
20961010005500886000036               000140002000004
2104001004021050000029                000010000500009
21216010032900391000541               000030000500002
2131401002320039400003500             000030000500004
21564010003101184000545               000030000500002
2196801000730156400003150             000030000500004
2196901000730156400003450             000030000500004
220370100031011840005410              000030000500002
2217801004060084900010600             000050008000002
222870100073003320000350              000030000500004
2228801000730033200003100             000030000500004
22408010028700670000390.12/10         000880005100001
225310100101000680005440              000030000500002
22569010057202332000391/10            000880005100009
2261301004071050000034                000010000500001
230860100055008660000320              000030000500004
230870100055008660000380              000030000500004
230960100036013000005430              000040000500002
2321901002041063000027                000010004300009
2330101000360578800054100/20          000040000500002
2335201001330044000040                000010004800009
2364401004071063000036                000010011600009
2364601004071063000036                000010011600009
2370201002230025700004                000010013500009
2370801002230055000040                000010008300009
2376801000040189200010250             000050002100002
2393901002230109000004                000010005800009
2394003002230109000004                000010004100009
2394201004081050000031                000010000500001
2394401004081050000031                000010000500001
2423601000060048000004                000010013500009
2424901000061050100004                000010011500009
2513301004071050000034                000010000500001
2514501004081050000001                000010000500001
2558301006000121700054150/300         000030000500002
2569101000040143100054400             000030000500002
2591001004980928500054                000010000500002
2591101004980928500054                000010000500002
2591203004980928500054                000010000500002
2610804000250011700054                000010000500002
2610901004260256400003                000010001200005
2626001004680111600004                000010003600009
26342010072801042000360.12/10         000880002500009
2644403000040143100054400             000030000500002
2670101004260928500054                000010000500002
2670203004260928500054                000010000500002
2670301004260928500054                000010000500002
2683206000040021100003400             000030000500005
268330100055001340000320              000140001400004
27144010003101184000544               000030000500002
2757901007500026400054                000010000500002
2837501002320106300054200             000030000500002
2839701003560028500054100/25          000030000500002
2847501005170035000048500/200         000030000500002
285900100249108430005850              000230000800007
2866303004260928500054                000010000500002
2874301006410915400004100000/2        000480005800009
2874401006410915400040100000/2        000480010400009
2874501006410063700004                000010017100009
2874601006410063700004                000010009500009
28809010005210069000545               000030000500002
28810030005210069000545               000030000500002
288790100036100760005475              000040000500002
2889401004260256400054                000010000500002
2958401004121063000027                000010002100009
2958501004121063000027                000010002100009
2958701004121063000004                000010010400009
2958801004121063000040                000010010400009
2959201004121063000027                000010002400009
2959303004121063000027                000010002400009
2959401004121063000027                000010002100009
2959501004121063000027                000010002100009
2959601004121063000027                000010002100009
2960201004121063000004                000010010400009
2960501004121063000004                000010010400009
2960701004121063000023                000010004100009
2960803004071063000039                000010010400009
2960901004071063000039                000010010400009
2961001004071063000039                000010010400009
2961103004071063000039                000010002400009
2961203004071063000039                000010010400009
2961301004071063000039                000010002400009
2961501004121063000027                000010004800009
2961601004121063000027                000010004800009
2961701004121063000027                000010004800009
2962601004121063000027                000010002100009
2962901004121063000012                000010003600009
2963101004121063000012                000010003600009
2963201004121063000012                000010003600009
2963401004121063000026                000010002500009
29804010076410107000300.5             000140003100006
29918020072801042000360.12/10         000880015600009
2991901004081050000001                000010000500009
3012701004330518400002400             000030000500002
3012803004330518400002400             000030000500002
303380100180007310005450              000030000500002
3056001005400915400004100000/2        000480007700009
30630010009003784000541               000030000500002
30743010009003784000542               000030000500002
3105203004980928500054                000010000500002
312830100356002850005450/12.5         000030000500002
3130801001800073100054100             000030000500002
3137401000570052300027                000010004000009
3157401003670026400012                000010002300009
31831010003610184000543/0.03          000030000500002
319060100433101880005490              000030000500002
3202701002230109000004                000010008300009
3236701004021050000029                000010000500001
3252901005170035000048400/240         000030000500002
3253003005170035000048400/240         000030000500002
3267501000950010200003833             000450036900018
3267601000950010200003833             000450037000018
334280100786102040005410              000030000500002
33433010067010244000041               000880004700009
3344901004330518400010100             000050002100002
3348301006430122200004                000010004600009
3348403006430122200004                000010004500009
3364402006941062200004                000010006100001
3364501006941062200006                000010004500001
337120100249108430005850              000230000800007
3380701000040065400054500             000030000500002
3380802000040065400054500             000030000500002
3381001000040065400010500             000050003700002
33860010003101184000104               000030000500002
339930100433101880005460              000030000500002
339940300433101880005490              000030000500002
3403701004330518400002600             000030000500002
3437201004330518400002400             000030000500002
3449801006001010600054600             000030000500002
3450201005180026400004                000010004600009
3492001000100242800007200             000030000500011
3492101000100242800007100             000030000500011
34922010001002428000041               000880008500011
3545401004121063000027                000010024800009
3545501004121063000027                000010024800009
3545601004121063000040                000010004100009
3545701004121063000040                000010024800009
3545801004121063000026                000010002500009
3545901004121063000026                000010002500009
35559010040700691000395/0.21          000880004100001
3562801004121063000004                000010002400009
3562901004121063000027                000010002100009
358140100102102830005410/10           000030000500002
358150300102102830005410/20           000030000500002
358160300102102830005410/40           000030000500002
358570100786102040005410              000030000500002
36147010052301318000104               000050004300002
3628001002270052700054                000010000500002
3638501000550100300003200             000030000500004
36386010005501003000031000            000030000500004
3663001000570052300004                000010004400009
36684010032610319000542/1             000030000500002
3676501004330518400010200             000050003700002
3687401000061050100004                000010003600009
3687501000061050100004                000010003600009
3687602000061050100004                000010003600009
3692101004331018800054120             000030000500002
3700101008430024900040                000010008300009
3714301005181060100040                000010002500009
37319010036900670000390.24/5          000880005100009
3748701006941062200004                000010004500001
3781201004920858000003250             000140002200003
3817401005870459600027                000010003600009
3825401002230915400027                000010002500009
3825501002920073800040                000010002500009
3843803004060084900054600             000030000500002
38482010057201042000270.12/10         000880004000009
3890401004071050000031                000010000500001
39036010057201042000040.12/10         000880004500009
39334010072801042000360.05/10         000880002500009
39335030072801042000360.05/10         000880015600009
3937701000061050100004                000010047200009
3946501004071050000035                000010000500001
3946601004071050000035                000010000500001
3946701004071050000035                000010000500001
3947101004071050000035                000010000500001
3949101004121063000004                000010004800009
3949201004121063000027                000010002500009
3949301004121063000004                000010002500009
3949401004121063000004                000010002400009
3949501004121063000040                000010002500009
3957601004071050000035                000010000500001
3957701004071050000035                000010000500001
3957801004071050000035                000010000500001
3957901004071050000035                000010000500001
3958201004071050000035                000010000500001
3958301004071050000035                000010000500001
3959101004071050000037                000010001000001
3959201004071050000037                000010001000001
3970501003560028500054100/12.5        000030000500002
3975301009990048000014                000010000400002
3975401009990083300014                000010000400002
3975501009991045100014                000010000400002
3975601009990081500014                000010000400002
3975801009990133500014                000010000400002
3975901009991045200014                000010000400002
3976001009991045000014                000010000400002
3976101009990084100014                000010000400002
3976201009990103200014                000010000400002
3976301009991045300014                000010000400002
3976401009990999800014                000010000400002
3976501009991045400014                000010000400002
3976601009991045500014                000010000400002
3976701009991045600014                000010000400002
3976801009991045600014                000010000400002
3976901006290073800004                000010004700009
3977001008240021300023                000010004100009
3977501004071050000041                000010000500001
398120100457012130005450              000030000500002
3981401004570121300054100             000030000500002
39816010052301318000108               000050004300002
39817010052301318000108               000050004300002
3996601006001046600054150/300/200     000030000500002
4002001006941062200004                000010006100001
4007401004071050000035                000010000500001
4007501004071050000035                000010000500001
4019703000040067600054500/125         000030000500002
4019903000040196900054500             000030000500002
4024101000010008400054                000010000500009
4066601002230073800004                000010004100009
4066701002230055000004                000010008300009
412390100457012130005450              000030000500002
4127701002041043400027                000010004000009
41301010063200046000042               000880004700009
4150201000260015000054100             000030000500002
4150302000260015000054100             000030000500002
4156101000040065400054875             000030000500002
4163703004330518400002600             000030000500002
4168401000550139400054500             000030000500002
4171101004071050000035                000010000500001
4178401000040067600054875/125         000030000500002
4191401002230024900004                000010005600009
4191801004121063000027                000010002400009
420380100180007310005450              000030000500002
4210901004071050000034                000010000500001
4211001003460016400044                000010004100002
4211101003460737200044                000010005200002
4211201003460737200044                000010005200002
42232010003610184000543/0.02          000030000500002
4223601008461016400040                000010008300009
4223701008441012800040                000010013500009
4223801008450001100040                000010013500009
4229801006410063100004                000010005800009
42344010040704342000390.25            000020004100001
4260201004071050000037                000010000500001
4264201005761094500003500             000080000500004
42643010057610945000031000            000080000500004
4269805006941062200004                000010049900001
4289201004121063000004                000010002500009
4289301004121063000004                000010002500009
4289401004121063000004                000010002500009
4290101004121063000004                000010002100009
4304601002920065700040                000010008300009
4304801008440737200004                000010005800009
434110100231106380005410              000030000500002
4352801002920065700004                000010013500009
4352901002231012800004                000010007700009
4356303006410063100004                000010009100009
4357001005020138900036                000010002500009
4357103000260015000054100             000030000500002
4367001001081132900041                000010000500006
4381201000040143100003400             000030003600004
438170100522014420000275              000030000500002
4397701001830160400004                000010013500009
4407501004121063000027                000010002300009
4420101004410101400059                000010012700009
4430601005170722800054500             000030000500002
4434801005020107400027                000010001500002
4435801002041074500027                000010004000009
4443201000551028800003500             000030000500004
4446001004121063000027                000010002100009
4446101004121063000004                000010002500009
4446201004121063000004                000010002400009
4487801000260015000054325             000030000500002
4487903000260015000054325             000030000500002
4490001006290049800004                000010005800009
4490101008440737200004                000010005800009
4490711005170037700048                000010001600002
4497201006001025700054300             000030000500002
4511901000010008400054                000010000500009
4514301003670103300012                000010002300009
4537401006941062200004                000010006100001
4537501006941062200004                000010006100001
4548903002230025700004                000010008300009
4549501004120024900004                000010008300009
4550301008461066800004                000010013500009
456650100036107950005011.7/2.7        000030000500011
4587101008381029700054100             000030000500002
4587201008381029700054400             000030000500002
45873110002111442000035               000030000500004
4587701004071050000034                000010000500001
4589701001330044000040                000010004800009
4589801001330044000040                000010004800009
4593601004121063000004                000010004800009
4593701004121063000004                000010004800009
4593801004121063000004                000010001500009
4593901004121063000004                000010001500009
4594001004121063000004                000010004800009
4594101004121063000004                000010004800009
4594201004121063000004                000010004800009
4594301004121063000004                000010004800009
4594401004121063000004                000010004800009
4594501004121063000004                000010004800009
4594601004121063000004                000010004800009
4594801004121063000040                000010010400009
4594901004121063000004                000010004800009
4595001004121063000004                000010004800009
4595101004121063000004                000010002400009
4595201004121063000004                000010002100009
4595301004121063000027                000010002100009
4595401004121063000027                000010002100009
4595501004121063000004                000010011700009
4595601004121063000004                000010004800009
4596601004071050000035                000010000500001
4596701004071050000035                000010000500001
46064050072801042000360.12/10         000880010900009
4606501002870434200036                000010002500009
4620101001750818200024100             000230000800010
4622101000361078800054                000010000500002
4627803000531082100004                000010009300009
4638801005401012800004                000010005800009
4638901002231012800004                000010007700009
4641901001331063000004                000010005800009
464230100036013000003152              000030000500011
4654901006001034200054600/300         000030000500002
46551010028704342000390.24            000880005100009
4657601000040021900002150             000030000500002
4665301000040067600010400/57          000030003900002
4668301002041065200027                000010003700009
4670701005170518400010200             000050002100002
4671301002231060100004                000010009100009
46878010088910857000542               000030000500002
4706101000531073200027                000010002100009
4708601006941062200004                000010009000001
4722601006001092500054300/300         000030000500002
472710100517030410005450/400          000030000500002
4743901006000103500054300             000030000500002
4744001002220024900040                000010013300009
475160100055108500005450              000030000500002
4751701000551085000054100             000030000500002
4755801005240067200054500/30          000030000500002
4755901005240067200054875/60          000030000500002
478100100231106380005415              000030000500002
478110100231106380005420              000030000500002
478120300231106380005420              000030000500002
4784901006710006900002                000010000500002
4785301006290109000004                000010010400009
478640100523013180001020              000020004300002
47946010053410047000107               000020002100002
480140100036109020003168              000030000500023
4804801000021012800004                000010007700009
4804901000021012800004                000010003900009
4807701001020041900002                000010000500002
481711100004103690000350              000030000500005
482190100562104960005450/5/0.3        000030000500002
4823701004071050000041                000010000500009
4824403000061050100004                000010003600009
4824501006410049800004                000010004700009
48273010003610915000543/0.02/0.451    000030000500002
4831101002041043400041                000010004000009
4847101004071050000034                000010000500001
4847201004071050000034                000010000500001
4901601000651013500010                000010004300002
4906901009071096100030100             000830000500006
4907001009071096100030150             000830000500006
4907101004221071000027                000010025000009
4908301006001096300054600/100         000030000500002
4911001000471146700010                000010000500002
4926901002231097200040                000010005600009
4931301006291097600004                000010000500009
4931402006291097600004                000010000500009
4940201003280610700054500             000030000500002
4951301005180063100004                000010004100009
4959703000280087900003100             000140001500001
4962301000061050100004                000010011500009
4962401000061050100027                000010006600009
4962501000061050100027                000010028400009
4984801004121063000004                000010002500009
500120100102011310005410              000030000500002
500130100102011310005420              000030000500002
5006701006410063700004                000010017100009
5007003002920073800040                000010004300009
5007101005401012800004                000010005800009
5011101004680111600012                000010003600009
5011201004680060800026                000010003600009
5011301004680100200012                000010003600009
5011401004680060800012                000010003600009
5025501004330518400002400             000030000500002
5025601004330518400002600             000030000500002
5025702004330518400002600             000030000500002
5032001002630070700014                000010000500002
5034301004070999800014                000010012200001
5034401004070999800014                000010012200001
5034501004070999800014                000010012200001
503540100101102350005410              000030000500002
503550100101102350005420              000030000500002
5039601000260015200054100/40/5        000030000500002
5039701000260015200054100/40/10       000030000500002
503980100055108630000325              000030000500005
5039901000551086300003100             000030000500005
504000100515015940005412.5            000030000500002
50401010051501594000546.25            000030000500002
5040601000281040700054250/0.5         000030000500002
50457010003610184000543/0.02          000030000500002
5051501004800038800054600             000030000500002
505160300515015940005425              000030000500002
508100100102011310005440              000030000500002
5084201002920065700004                000010013500009
50910010078410046000034               000050001400004
5091101000550100300003200             000030000500001
50912010005501003000031000            000030000500001
5091301000551028800003500             000030000500004
509240100055001340000320              000140001400004
5096301006290062100004                000010004400009
5096401006290062100004                000010006100009
5099901004071050000041                000010000500001
51025010023110638000542.5             000030000500002
511580100055008860000330              000030000100004
5115901000550088600003100             000030000100004
5116001000550088600003150             000030000100004
5116101000550088600003300             000030000100004
511620100073003860000350              000030000500004
511990100055008660000380              000030000500004
512000100055008660000320              000030000500004
512020100055003280000310              000030000500004
5121101000550033200003100             000030000500004
512120100055003320000350              000030000500004
5121601004830926600014                000010000500002
512370100055003270000350              000030000500004
5125501000470136200054                000010000500002
512840100073003960000350              000030000500004
513170100326069120005410              000030000500002
5134701002230049800004                000010005800009
5134801005401063000004                000010005800009
5134901006290049800004                000010005800009
5135401004070138900036                000010005400009
5144901006001096300054800/100         000030000500002
5145901003280610700054850             000030000500002
5157003003790085500054                000010000500002
5165001000061050100004                000010013500009
5165101000061050100004                000010005600009
5165201000061050100046                000010016900009
5174601004260928500054                000010000500002
5174701004260928500054                000010000500002
5174803004260928500054                000010000500002
5190301004081050000001                000010000500009
5194301005971111200054400             000030000500002
5196601000260015000054100             000030000500002
5196701005170015000054500             000030000500002
5196801000210015000054650             000030000500002
5196901000210038200054500/40          000030000500002
5197001000210038200054650/65          000030000500002
5221601001001039600040                000010002400009
522280100108111410000312              000920003100006
522290100108111410000324              000920003100006
52231010010810867000020.5             000030000500002
522320101032111230005410              000030000500002
5226301001550075500004                000010004400009
5226501000120021300012                000010002100009
523200100055008660000380              000030000500004
524030100055111780005440              000030000500002
5240401000551117900054200             000030000500002
52406010015811181000541               000030000500002
52407010015811181000541.5             000030000500002
52411010015811181000542.0             000030000500002
52412010015811181000542.5             000030000500002
524130101040111800000340              000140000500034
5250201001081108100002240             000030000500002
5258001000280087900003100             000140001400001
525990100314005850005450              000030000500002
5260001000730139400054500             000030000500002
5264501004680111600012                000010003600009
5264601003670111600026                000010003600009
52672010002800241000541               000030000500002
52673010002800241000545               000030000500002
5284301000061050100027                000010028400009
530680100055008660000320              000030000500004
5306901005180036500004                000010004700009
5308101001081108100002120             000030000500002
531410100036013000003113.5            000030000500011
532480100433030660000250              000030000500002
532490100433030660000275              000030000500002
5329101000551099400054250             000030000500002
53304020057201042000360.12/10         000880002500009
53369010048311548000541000/0.01/10    000030000500002
53370030048311548000541000/0.01/10    000030000500002
534620100108109340003040              000140000500006
5354701006001088600054600/200/300     000030000500002
5366503004070434200039                000010004100001
5366901004070069100039                000010011500001
5374301008381029700054400             000030000500002
5374401008381029700054100             000030000500002
5378701000061050100004                000010004700009
5378801000061050100004                000010004700009
5378901000061050100004                000010005800009
5379001000061050100004                000010005800009
5379101000061050100004                000010005800009
5379201000061050100004                000010005800009
5379601000061050100004                000010002400009
5383101000551081400003100             000030000500001
5387303004980928500054                000010000500002
5387401004331028000002400/100         000030000500002
5396401004680111600026                000010003600009
5396501004680100200026                000010003600009
5416001000551086300003100             000030000500005
542801100210009040000350              000030001400004
54299110054905812000522               000880002000009
543970100433030660000225              000030000500002
5441401002531050100027                000010028400009
5441501000060048000040                000010009500009
5441601000060048000004                000010009500009
5441705000061050100004                000010013000009
5441901002531050100027                000010028400009
5444701004070067000039                000010005100001
5444801004071050000035                000010000500001
5475201004980928500014                000010000500002
5481101004830926600014                000010000500002
54838010005510903000033.5             000030000500004
548650100508102670003050              000140001400003
5502901003960057800002400/250         000030000500002
55065110004106992000032               000140002200004
551210100896102110005420              000030000500002
551220300896102110005420              000030000500002
55140010005510903000033.5             000030000500004
5534303005180111600040                000010012500009
5539103004330518400010100             000050006600002
5539203005170518400010200             000050006600002
554540101032111760005414              000030000500002
55549010063400444000241               000140003600010
5555801000061050100004                000010005600009
5555901000061050100004                000010005800009
5556001000061050100040                000010002400009
5556101002531050100027                000010006600009
5563901006410063700004                000010004100009
5564003006410063700004                000010008300009
5564101006410063700004                000010004100009
5564201006410063700004                000010009500009
55694010000402762000045               000020004400009
55712010054911372000037.5             000140001900025
55822010072800905000360.05/10         000880015600009
5584401006001135600054200/25          000030000500002
5592001004121063000012                000010003600009
5592101004121063000012                000010003600009
559300100022078790000310              000140001900004
559380100803012450002410              000220001300010
559390100803012450002420              000220001300010
559400100055112390005415/6.14         000030000500002
559410300055112390005415/6.14         000030000500002
559420100055112390005420/8.19         000030000500002
559430300055112390005420/8.19         000030000500002
559630100012003150002718              000020030000009
559690100515006480005410              000030000500002
5605301000531082100004                000010009000009
5606503000260015000054100             000030000500002
5606601002130283400009                000010004800007
5606701005170037700048                000010001600002
56121110054905812000522               000880002000009
5612211001220008000004                000010005300009
561480100232111250005450              000030000500002
56193010048309266000541000            000030000500002
56194030048309266000541000            000030000500002
5619501004980928500054                000010000500002
5619603004980928500054                000010000500002
5634101004980928500054                000010000500002
5634203004980928500054                000010000500002
5635801004330518400010400             000390002100002
5635901004330518400010200             000390002100002
565110100055008660000380              000400002200004
565920100055008660000320              000400002200004
5678201004920858000003250             000140002200003
5690301004830926600014                000010000500002
5700901000551028200054250             000030000500002
57279010106410195000033/3.9           000140001200003
57283010028700670000390               000010005100001
57284010028700670000390               000010005100001
57285010028700670000390               000010005100001
5731401009991050300014                000010000400002
5731501009991149700014                000010000400002
5731601009991149700014                000010000400002
5731701009991045200014                000010000400002
5731801009991045200014                000010000400002
5731901009991045200014                000010000400002
5732001009991045600014                000010000400002
5732101009991045600014                000010000400002
5732401009991045200014                000010000400002
5732501009991045200014                000010000400002
5732601009991045600014                000010000400002
5732701009991045600014                000010000400002
5732801009991045600014                000010000400002
5732901003231045200014                000010000400002
5733001009991045600014                000010000400002
5733101009990134500014                000010000400002
5733201004201098200014                000010000400002
5733301004200999800014                000010005200002
5733401004200999800014                000010005200002
5733501004200999800014                000010005200002
5733601004200999800014                000010005200002
5733701003460465200014                000010005800002
5733801003460024900014                000010005800002
5733901003461034400014                000010005800002
5734001009990083300014                000010055500002
5734101009991045100014                000010055500002
5734201009990133500014                000010055500002
5734301009991045200014                000010055500002
5734401009990084100014                000010055500002
5734501009990134500014                000010055500002
5734601009991045600014                000010055500002
5734701009991045200014                000010055500002
5734801004021050000029                000010000500009
5734901004021050000029                000010000500009
5735001004021050000029                000010000500009
5735101004021050000029                000010000500009
5735301002230109000004                000010005100009
5735401002230025700004                000010019700009
57355010019800177000041               000880008300009
5735601002230025700004                000010019700009
5735703004121063000004                000010008300009
5735801002230025700004                000010019700009
5735901004200999800014                000010002300002
5736001004200999800014                000010002300002
5736101004200084100014                000010002300002
5736201002130134500014                000010006100002
5736301004200999800014                000010006100002
5736401004200999800014                000010006100002
5736501002130070400014                000010006100002
5736601004200999800014                000010006100002
5736701004200999800014                000010002300002
5736801002131149700014                000010004400002
5738401004120109000040                000010002500009
5738501004121063000027                000010007900009
5738601004121063000004                000010015100009
576000100549113720000310              000140001900025
57601010054911372000032               000140001900025
576210100232115090005450/300          000030000500002
5763703006290062100004                000010011500009
5763801000061050100040                000010000500009
5763901000061050100004                000010005600009
5764001000061050100004                000010000500009
5764101000061050100004                000010003600009
5764201000061050100004                000010005800009
5764301000061050100004                000010005800009
5764401000061050100004                000010005800009
5764501000061050100004                000010004300009
5764601006410063700004                000010012300009
5764703006291063000004                000010009500009
5768411001220008000004                000010004400009
5769101000551093000054400             000030000500002
5769301000551099400054250             000030000500002
5769401000551093000054200             000030000500002
5770501009990999800014                000010000400002
5770601009990999800014                000010000400002
5770701009990999800014                000010000400002
5770801009990999800014                000010000400002
5770901003461045200014                000010005800002
5771001003460999800014                000010000400002
5771101003460999800014                000010000400002
5771201003460999800014                000010000400002
5771301003460999800014                000010000400002
5771401004200999800014                000010005200002
5771501004200999800014                000010005200002
5771601004200999800014                000010005200002
5771701004200999800014                000010005200002
5771801009990999800014                000010000500002
5771901009991045600014                000010000400002
5772001009990126900014                000010055500002
5772101009990017700014                000010055500002
5772201009991045000014                000010055500002
5772301009990103200014                000010055500002
5772401009991045300014                000010055500002
5772501009990999800014                000010055500002
5772601002041002800027                000010007200009
5772701002041002800012                000010002500009
5772801002041002800041                000010000500009
5772901001481065500027                000010007200009
57732010022707392000025               000030000500002
57864010072800905000360.05/10         000880002000009
5786701004121063000051                000010002300009
5786801004121063000004                000010001500009
5786901004121063000027                000010002100009
5787001004121063000004                000010004800009
5787101004121063000004                000010004800009
5787201004121063000004                000010004800009
5787301004121063000004                000010005900009
5787401004121063000004                000010002300009
5788001004121063000004                000010004800009
5788101004121063000004                000010002100009
5788201004121063000004                000010001500009
5788301004121063000040                000010002500009
5788401004121063000040                000010002500009
5788501004121063000040                000010002500009
5788601004121063000040                000010002500009
5788901004121063000004                000010002500009
5789001004121063000040                000010002400009
5789101004121063000040                000010002400009
5789201004121063000040                000010002400009
5789301004121063000004                000010000100009
5789401004121063000004                000010000100009
5789501004071050000031                000010000500001
5789601004071050000031                000010000500001
5789801004071050000031                000010000500001
5789901004071050000031                000010000500001
5790001004071050000035                000010000500001
5790101004071050000035                000010000500001
5792001006291063000004                000010002400009
5792101006291063000004                000010004100009
5792201002920073800040                000010002100009
5794503004980928500054                000010000500002
5794601004980928500054                000010000500002
5794701000250011700054                000010000500002
5794802006190085500002                000010000500002
5794901006190085500002                000010000500002
5795003003410006200054                000010000500002
5795101003410006200054                000010000500002
5795201004571104900054                000010000500002
5795303000250011700054                000010000500002
5795403006651072100010                000010007200002
5795501006651072100010                000010005500002
5795605003461069700002                000010000500002
5795702003461069700002                000010000500002
5795801003461069700002                000010000500002
5795905006190085500002                000010000500002
5796003004571104900054                000010000500002
5804905004570121300054100             000030000500002
580610500457012130005450              000030000500002
580620500457012130005450              000030000500002
5806301003280610700054500             000030000500002
5806401003280610700054850             000030000500002
580650100066006660005420              000030000500002
580660100066006660005440              000030000500002
58094010111811442000035               000030001400004
5813101004680111600012                000010005200009
5815501009990048000014                000010055500002
583150100232111940005450/600/300      000030000500002
5834801000260015000054100             000030000500002
5834901000040637800054100             000030000500002
5835001004330518400010100             000050003700002
584150100568030700000250/4            000030000500002
58416010043303050000041.16            000020005800002
584320100066069900000220              000030000500002
5846101001220008000004                000010005300009
5849301004121063000004                000010004800009
5849601005170722800010100             000050004300002
5849701006411063000004                000480005800009
5849801006411063000004                000480005800009
5849901006411063000004                000480005800009
585110100660017580000210              000030000500002
585270100036013000003119.5            000030000500011
5855801004071050000037                000010000500009
58561010004106992000032               000140002200004
5857801006290062100004                000010004400009
5857903006290062100004                000010011500009
5862601000040167600054500             000030000500002
58632010000401676000541000            000030000500002
5863901002230025700027                000010002500009
5864001002230109000004                000010011500009
5870001003460926600054                000010005800002
5870101003460926600054                000010005800002
58706010048311548000541000/0.01/10    000030000500002
5876801006410063700004                000010005000009
5883501002921063000027                000010002500009
5883601000061050100004                000010009100009
5883701000060048000004                000010005800009
588380100433051840000410              000020005800009
5886001004121063000004                000010004800009
5886101004121063000004                000010004800009
5886201004121063000004                000010001500009
5886301004121063000004                000010002100009
5889301000531082100004                000010009000009
5890401004071050000035                000010000500001
5890501004071050000035                000010000500001
5890601004071050000035                000010000500001
5890701004071050000035                000010000500001
5890801004071050000031                000010000500001
5892605004330518400002600             000030000500002
589540100055110890000325              000140000500004
589550300055110890000325              000140000500004
5910501003461154800048                000010016900002
5911701002920073800040                000010002500009
5911801002230915400027                000010002500009
5911901006410063700004                000010017100009
5916401003141159100054300             000030000500002
592110100210107490000320              000030000500004
59215010040704342000390.25            000020004500001
5921601004070434200039                000010004500001
5926101000551093000054200             000030000500002
5926201000551093000054400             000030000500002
5928001003460026400054                000010000500002
5932601011270111600012                000010009500009
5933601004071063000036                000010011600009
5933701004071063000036                000010011600009
5948801003461072800048                000010001600002
5948901003460115400048                000010010100002
5949001003460126900048                000010011700002
5949101003460057700048                000010011700002
5949701002230109000004                000010005100009
5953301001090036300004                000010019700009
5953401001090101700004                000010019700009
59630010057610945000031000            000080000500004
5963101005761094500003500             000080000500004
5967701009990999800014                000010000400002
5968801004071063000036                000010011600009
5972301004121063000040                000010002500009
5976101007060025200012                000010003600009
5976201000061050100004                000010005800009
5984301011270060800012                000010009500009
5986002001800104000054160             000030000500002
5986701004980928500054                000010000500002
5986801004980928500054                000010000500002
59869010052608796000080.3             000880001500009
598700100710092180000250000           000080000500002
598710100055111210000360              000030000500004
598720100035103580005410              000030000500002
59873010003510358000545               000030000500002
