0066100283
0066100964
0119602428
0121104046
0133000331
0133001062
0133001184
0278405456
0296602428
0306800335
0306801062
0307300335
0307500335
0313503528
0313504962
0313603528
0313604962
0330703528
0330704962
0540103528
0540203528
0540303528
0540403528
0590504342
0590604342
0618906314
0619100964
0619102826
0713200221
0713200239
0713200579
0713201313
0713209183
0750901302
0752600964
0752604631
0753509266
0762605033
0762609180
0762609183
0792209266
0810201478
0810203210
0810209183
0810209202
0810209266
0826200601
0826200826
0828800826
0828800964
0828905456
0829205456
0830401012
0830401096
0830500964
0830506912
0831001096
0831601359
0831700826
0831700964
0873000337
0873000409
0873000734
0873001554
0875500365
0875603528
0875700454
0933200939
0933204342
0933300939
0933304342
0956000252
0956000706
0956002488
0956100252
0956100707
0956102488
0956800335
0956802428
1014800295
1014801200
1014805456
1039800068
1077201077
1122601182
1123000667
1169810030
1184500391
1239400019
1239401478
1239500019
1239501478
1279300217
1279300657
1279301228
1279309183
1279309693
1369800826
1369800964
1478500601
1478500815
1490500667
1498800083
1498800237
1498800321
1498800374
1498800621
1498801161
1498809266
1502800667
1570201303
1570202243
1570207228
1570301303
1570302243
1570307228
1588300964
1588302826
1601901478
1601910102
1601910202
1602500527
1602501241
1602502133
1602507392
1617500396
1617600396
1628704278
1633006992
1682201656
1700900025
1747704046
1818200068
1822501275
1836801656
1865800886
1866201609
1873500964
1873504631
1885701302
1943900237
1943900241
1943900905
1943901396
1943902676
1943905033
1943906434
1943909152
1943909180
1943909183
1943909210
1943909266
1962309408
2006101089
2006101272
2006101326
2006101554
2006200836
2006200849
2006201089
2006201272
2006201554
2006209474
2006209852
2006209913
2068300259
2068300409
2068300657
2068301554
2068304740
2068307740
2096100886
2104010030
2121600391
2131400394
2156401732
2196801564
2196901564
2203701732
2217801400
2228701617
2228801617
2240800939
2240804342
2253100068
2256902332
2261301656
2308601407
2308701407
2309600826
2321901656
2330100826
2330100964
2335200584
2335200841
2335200853
2364401656
2364601656
2370200237
2370200480
2370209152
2370800237
2370809152
2370809467
2376801892
2393900409
2393902874
2394000409
2394002874
2394201656
2394401656
2423600237
2423609152
2423609486
2424900188
2424900337
2424900409
2424900866
2424901232
2424901550
2424909152
2513301656
2514501656
2558301537
2558309408
2569109525
2591000018
2591000076
2591000228
2591000237
2591000802
2591000879
2591000905
2591001047
2591001055
2591001160
2591001396
2591001411
2591001476
2591002676
2591005033
2591006434
2591009152
2591009180
2591009183
2591009202
2591009266
2591100018
2591100076
2591100228
2591100237
2591100802
2591100879
2591100905
2591101047
2591101055
2591101160
2591101396
2591101411
2591101476
2591102676
2591105033
2591106434
2591109152
2591109180
2591109183
2591109202
2591109266
2591200018
2591200076
2591200228
2591200237
2591200802
2591200879
2591200905
2591201047
2591201055
2591201160
2591201396
2591201411
2591201476
2591202676
2591205033
2591206434
2591209152
2591209180
2591209183
2591209202
2591209266
2610800019
2610801478
2610900288
2610901396
2610906434
2610909180
2610909183
2626001089
2626001554
2626004740
2626009474
2626009913
2634201656
2644409525
2670100018
2670100241
2670100381
2670100905
2670101396
2670101411
2670101476
2670105033
2670106434
2670109180
2670109183
2670109266
2670200018
2670200513
2670201411
2670201476
2670209266
2670300018
2670300513
2670301411
2670301476
2670309266
2683200211
2683301615
2714401732
2757900769
2757909183
2837501607
2839701466
2839704962
2847500150
2847509266
2859000667
2866301478
2866303210
2866304342
2866309183
2866309202
2866309266
2874300237
2874300866
2874301037
2874309152
2874400237
2874400866
2874401037
2874409152
2874500237
2874500409
2874509152
2874600237
2874600409
2874609152
2880909617
2881009617
2887902826
2889400513
2889409266
2958401656
2958501656
2958701656
2958801656
2959201656
2959301656
2959401656
2959501656
2959601656
2960201656
2960501656
2960701656
2960801656
2960901656
2961001656
2961101656
2961201656
2961301656
2961501656
2961601656
2961701656
2962601656
2962901656
2963101656
2963201656
2963401656
2980409641
2991801656
2991901656
3012700007
3012800007
3033801466
3056000237
3056000288
3056009152
3063000601
3074300601
3105200237
3105200241
3105200905
3105201396
3105202676
3105205033
3105206434
3105209152
3105209180
3105209183
3105209210
3105209266
3128301466
3128304962
3130801466
3137400438
3137400621
3137400655
3137401035
3137403098
3157400288
3157400769
3157400905
3157401069
3157406202
3157409183
3183100964
3183109667
3190609668
3202702874
3202709673
3236701656
3252900150
3252909266
3253000150
3253009266
3267500102
3267600102
3342809683
3343301238
3343305812
3343309752
3344900007
3348300335
3348301062
3348302428
3348400335
3348401062
3348402428
3364400103
3364409518
3364500103
3364509518
3371200667
3380701479
3380801479
3381001479
3386001732
3399309668
3399409668
3403700007
3437200007
3449809640
3450200237
3450200288
3450200365
3450200769
3450200905
3450201533
3450206202
3450209152
3450209183
3492002428
3492102428
3492202428
3545401656
3545501656
3545601656
3545701656
3545801656
3545901656
3555901656
3562801656
3562901656
3581400068
3581409683
3581500068
3581509683
3581600068
3581609683
3585709683
3614701318
3628000527
3628001241
3628002133
3628007392
3638501512
3638601512
3663000438
3663000621
3663000655
3663001035
3663003098
3668400964
3668409667
3676500007
3687401656
3687501656
3687601656
3692109668
3700100177
3700101215
3700101468
3700104635
3714300156
3714300559
3714301677
3714303895
3731900939
3731901252
3731904342
3748700103
3748709518
3781208580
3817401656
3825400237
3825400288
3825409152
3825500288
3825500409
3825500450
3843801400
3848201656
3890401656
3903601656
3933401656
3933501656
3937700188
3937700337
3937700866
3937701037
3946501656
3946601656
3946701656
3947101656
3949101656
3949201656
3949301656
3949401656
3949501656
3957601656
3957701656
3957801656
3957901656
3958201656
3958301656
3959101656
3959201656
3970501466
3970504962
3975300480
3975400833
3975401622
3975509863
3975600321
3975800704
3975801472
3975900447
3975900465
3976009864
3976101472
3976200948
3976201471
3976300426
3976400349
3976400704
3976401622
3976509674
3976609865
3976701656
3976801656
3976900237
3976900409
3976900450
3976900657
3976910212
3977000217
3977001533
3977009567
3977501656
3981201745
3981401745
3981601318
3981701318
3996601537
3996601607
3996609408
4002000103
4002009518
4007401656
4007501656
4019700676
4019701479
4019901969
4024100084
4024108297
4024109975
4066600409
4066600948
4066607684
4066609745
4066700237
4066709152
4066709467
4123901745
4127709851
4127709852
4130100046
4150200150
4150300150
4156100654
4163700007
4168409494
4171101656
4178400654
4178400676
4191400177
4191401468
4191801656
4203801466
4210901656
4211000349
4211000373
4211000818
4211001255
4211001275
4211003210
4211009266
4211009926
4211101275
4211101301
4211109266
4211109926
4211201275
4211209266
4211209926
4223200964
4223209667
4223600761
4223601136
4223601468
4223700237
4223700294
4223700763
4223709152
4223800237
4223801313
4229800237
4229800365
4229800866
4229801037
4229801550
4234401656
4260201656
4264202612
4264302612
4269800103
4269809518
4289201656
4289301656
4289401656
4290101656
4304600409
4304600657
4304604740
4304800237
4304800657
4304800853
4304801215
4304809266
4341109970
4352800409
4352800657
4352801411
4352900237
4352900657
4352909152
4356300237
4356300365
4356300866
4356301037
4356301550
4357000939
4357100150
4367010421
4381209525
4381709536
4397700438
4397700704
4397701539
4397701567
4397701604
4397704635
4407501656
4420100049
4420100993
4420101215
4430607228
4434800858
4435800496
4435803210
4435809418
4435809806
4435809989
4443209779
4446010059
4446110059
4446210059
4487800150
4487900150
4490000163
4490000237
4490000365
4490000853
4490009534
4490010079
4490100237
4490100365
4490100853
4490104740
4490109266
4490110079
4490702308
4490707228
4497209758
4511900084
4511909975
4537400103
4537409518
4537500103
4537509518
4548900237
4548900480
4548909152
4549501656
4550301656
4566500964
4566510091
4587109785
4587209785
4587310475
4587710030
4589700584
4589700841
4589700853
4589800584
4589800841
4589800853
4593610059
4593710059
4593810059
4593910059
4594010059
4594110059
4594210059
4594310059
4594410059
4594510059
4594610059
4594810059
4594910059
4595010059
4595110059
4595210059
4595310059
4595410059
4595510059
4595610059
4596610030
4596710030
4606401656
4606501656
4620108182
4622100601
4622109895
4627810102
4638800237
4638800853
4638809152
4638900237
4638900657
4638909152
4641910059
4642300826
4654901537
4654909452
4655100939
4655104342
4657600255
4665300676
4665301479
4668309852
4670700007
4671300237
4671301554
4671309673
4687809895
4706100237
4706100539
4706110102
4708600103
4708609518
4722601537
4722609758
4727103058
4727107228
4743901537
4744000177
4744000361
4744000438
4744000647
4744000704
4744001441
4751610112
4751710112
4755800535
4755801479
4755900535
4755901479
4781009970
4781109970
4781209970
4784902308
4784907228
4784909831
4785300387
4785301164
4785302874
4786401318
4794601567
4801410091
4804800237
4804800657
4804809152
4804901656
4807710139
4817109817
4821901182
4821903058
4821905033
4823710059
4824401656
4824501656
4827300964
4827309667
4827310146
4831109851
4831109852
4847101656
4847201656
4901600173
4901600535
4906910176
4907010176
4907101597
4908301523
4908310178
4911010180
4931300288
4931400288
4940206107
4951300237
4951300365
4951309152
4959700879
4962300188
4962300337
4962300409
4962300859
4962300866
4962301037
4962301550
4962309152
4962400188
4962400337
4962400409
4962400859
4962400866
4962401037
4962401550
4962409152
4962500188
4962500337
4962500409
4962500859
4962500866
4962501037
4962501550
4962509152
4984810059
5001201689
5001301689
5006700237
5006700409
5006709152
5007000288
5007000409
5007000450
5007100237
5007100853
5007109152
5025500007
5025600007
5025700007
5032000502
5032001200
5032004818
5034301656
5034401656
5034501656
5035409733
5035509733
5039600068
5039600150
5039608024
5039700068
5039700150
5039708024
5039810119
5039910119
5040001594
5040101594
5040600241
5040604118
5045700964
5045709667
5051500388
5051601594
5081001689
5084200409
5084200657
5084201411
5091009598
5091101512
5091201512
5091309779
5092401615
5096300621
5096309152
5096400621
5096409152
5099901656
5102509970
5115800886
5115900886
5116000886
5116100886
5116200603
5119901407
5120001407
5120200328
5121101617
5121201617
5121609266
5123700327
5125501304
5125501318
5125502243
5125507228
5128400396
5131706912
5134700049
5134700163
5134700237
5134704740
5134709266
5134801656
5134900163
5134900237
5134900365
5134900853
5134909534
5134910079
5135401656
5144901523
5144910178
5145906107
5157000906
5157009180
5165000188
5165000337
5165000409
5165000859
5165000866
5165001037
5165001550
5165009152
5165100188
5165100337
5165100409
5165100859
5165100866
5165101037
5165101550
5165109152
5165201656
5174600018
5174600905
5174601396
5174601476
5174602676
5174605033
5174606434
5174609180
5174609183
5174609266
5174700018
5174700905
5174701396
5174701476
5174702676
5174705033
5174706434
5174709180
5174709183
5174709266
5174800018
5174800905
5174801396
5174801476
5174802676
5174805033
5174806434
5174809180
5174809183
5174809266
5190301656
5194310262
5196600150
5196700150
5196800150
5196900150
5196901468
5197000150
5197001468
5221601397
5222810279
5222910279
5223110122
5223210270
5226300165
5226309648
5226500217
5226509567
5232001407
5240310316
5240410317
5240610319
5240710319
5241110319
5241210319
5241310318
5250209606
5258000879
5259901245
5260009494
5264500836
5264500849
5264501089
5264501272
5264501554
5264509474
5264509852
5264509913
5264601089
5264601272
5264601326
5264601554
5267200241
5267300241
5284300188
5284300337
5284300409
5284300859
5284300866
5284301037
5284301550
5284309152
5306801407
5306900365
5308109606
5314100826
5324803066
5324903066
5329110197
5330400939
5330402332
5336901411
5336909202
5336909266
5337001411
5337009202
5337009266
5346210157
5354709640
5354709758
5354709774
5366501656
5366901656
5374309785
5374409785
5378701536
5378801536
5378901536
5379001536
5379101536
5379201536
5379601656
5383110098
5387300018
5387300076
5387300228
5387300237
5387300802
5387300879
5387300905
5387301047
5387301055
5387301160
5387301396
5387301411
5387301476
5387302676
5387305033
5387306434
5387309152
5387309180
5387309183
5387309202
5387309266
5387400007
5387401468
5416010119
5428000904
5429905812
5439703066
5441400188
5441400337
5441400409
5441400859
5441400866
5441401037
5441401550
5441409152
5441500237
5441500409
5441509152
5441600237
5441600409
5441609152
5441701656
5441900188
5441900337
5441900409
5441900859
5441900866
5441901037
5441901550
5441909152
5444701656
5444801656
5475200018
5475200076
5475200237
5475200241
5475200879
5475200905
5475201055
5475201160
5475201396
5475201411
5475201476
5475202676
5475205033
5475206434
5475209152
5475209180
5475209183
5475209218
5475209266
5481109266
5483810136
5486509768
5502900007
5502902404
5506506992
5512109710
5512209710
5514010136
5534300259
5534300409
5534300657
5534301554
5534304740
5534307740
5539100007
5539200007
5545410314
5554900444
5555800188
5555800337
5555800409
5555800859
5555800866
5555801037
5555801550
5555809152
5555900188
5555900337
5555900409
5555900859
5555900866
5555901037
5555901550
5555909152
5556001656
5556100188
5556100337
5556100409
5556100859
5556100866
5556101037
5556101550
5556109152
5563900237
5563900409
5563909152
5564000237
5564000409
5564009152
5564100237
5564100409
5564109152
5564200237
5564200409
5564209152
5569402762
5571210441
5582201656
5584409774
5584410431
5592001656
5592101656
5593007879
5593801779
5593901779
5594010360
5594010361
5594110360
5594110361
5594210360
5594210361
5594310360
5594310361
5596300315
5596900648
5605310102
5606500150
5606601200
5606602243
5606604017
5606606576
5606702308
5606707228
5612101131
5612200469
5612205812
5612209152
5614810271
5619309266
5619409266
5619500018
5619500076
5619500237
5619500241
5619500879
5619500905
5619501055
5619501160
5619501396
5619501411
5619501476
5619502676
5619505033
5619506434
5619509152
5619509180
5619509183
5619509218
5619509266
5619600018
5619600076
5619600237
5619600241
5619600879
5619600905
5619601055
5619601160
5619601396
5619601411
5619601476
5619602676
5619605033
5619606434
5619609152
5619609180
5619609183
5619609218
5619609266
5634100018
5634100076
5634100228
5634100237
5634100802
5634100879
5634100905
5634101047
5634101055
5634101160
5634101396
5634101411
5634101476
5634102676
5634105033
5634106434
5634109152
5634109180
5634109183
5634109202
5634109266
5634200018
5634200076
5634200228
5634200237
5634200802
5634200879
5634200905
5634201047
5634201055
5634201160
5634201396
5634201411
5634201476
5634202676
5634205033
5634206434
5634209152
5634209180
5634209183
5634209202
5634209266
5635800007
5635900007
5651101407
5659201407
5678208580
5690309266
5700909776
5727900334
5727900386
5728300939
5728304342
5728400939
5728404342
5728500939
5728504342
5731409789
5731501624
5731510043
5731601220
5731601624
5731700447
5731800447
5731801622
5731900447
5731909679
5732001656
5732101472
5732109789
5732400447
5732401624
5732500447
5732501220
5732601656
5732701656
5732801656
5732900447
5732901472
5733001656
5733101622
5733210191
5733301656
5733401656
5733501656
5733601656
5733700628
5733704635
5733704660
5733709266
5733710041
5733800177
5733804635
5733809266
5733810044
5733900426
5733900906
5733901220
5733901226
5733909266
5734000833
5734001622
5734109863
5734200704
5734201472
5734300447
5734300465
5734401472
5734501622
5734601472
5734609910
5734700447
5734701472
5734801656
5734901656
5735001656
5735101656
5735302874
5735400237
5735400480
5735409152
5735500177
5735600480
5735701656
5735800237
5735800480
5735809152
5735901656
5736001656
5736101472
5736201622
5736301656
5736401656
5736500704
5736601656
5736701656
5736801622
5736801624
5738400480
5738401164
5738402874
5738501656
5738601656
5760010441
5760110441
5762101537
5762110271
5763700621
5763709152
5763801656
5764001656
5764101656
5764201656
5764301656
5764501656
5768400469
5768405812
5768409152
5769110215
5769310197
5769410215
5770900447
5770909266
5770909910
5771401656
5771501656
5771601656
5771701656
5771901656
5772609416
5772709416
5772809416
5772909988
5773207392
5786401656
5786710059
5786810059
5786910059
5787010059
5787110059
5787210059
5788010059
5788110059
5788210059
5788310059
5788410059
5788510059
5788610059
5788910059
5789001656
5789101656
5789201656
5789301656
5789401656
5789501656
5789601656
5789801656
5789901656
5790001656
5790101656
5792200288
5792200409
5792200450
5794500993
5794507684
5794600993
5794607684
5794701478
5794705052
5794800906
5794801226
5794809180
5794900906
5794901226
5794909180
5795001156
5795001301
5795005052
5795101156
5795101301
5795105052
5795200848
5795201471
5795201773
5795204635
5795204660
5795209700
5795301478
5795305052
5795400416
5795409180
5795409674
5795409841
5795409909
5795500416
5795509180
5795509674
5795509841
5795509909
5795601559
5795609887
5795701559
5795709887
5795801559
5795809887
5795900906
5795901226
5795909180
5796000848
5796001471
5796001773
5796004635
5796004660
5796009700
5804901745
5806101745
5806201745
5806306107
5806406107
5806501453
5806601453
5809410475
5813101089
5813101272
5813101326
5813101554
5815500480
5831501537
5831509452
5831510271
5834800150
5834906378
5835000007
5841501263
5841503034
5841603034
5843206990
5846100469
5846105812
5846109152
5849310059
5849607228
5851101758
5852700826
5855801656
5856106992
5857800621
5857809152
5857900621
5857909152
5862601676
5863201676
5863901656
5864001164
5864002874
5864009673
5870009266
5870109266
5870601411
5870609202
5870609266
5883700237
5883709152
5883709486
5883801103
5886010059
5886110059
5886210059
5886310059
5889310102
5890401656
5890501656
5890601656
5890701656
5890801656
5892600007
5895410244
5895510244
5910501411
5910509202
5910509266
5911700288
5911700409
5911700450
5911800237
5911800288
5911809152
5911900237
5911900409
5911909152
5916410556
5921110068
5921501656
5921601656
5926110215
5926210215
5928000621
5928000769
5928006202
5928007684
5933601656
5933701656
5948800447
5948809266
5948809679
5948809910
5948900954
5948901411
5948910063
5948910333
5949000237
5949000321
5949001474
5949002488
5949009202
5949010553
5949100163
5949101328
5949110408
5949110553
5949702874
5949709673
5963002612
5963102612
5968801656
5972310059
5976100252
5976100707
5976102488
5976201656
5986001543
5986700018
5986700076
5986700228
5986700237
5986700802
5986700879
5986700905
5986701047
5986701055
5986701160
5986701396
5986701411
5986701476
5986702676
5986705033
5986706434
5986709152
5986709180
5986709183
5986709202
5986709266
5986800018
5986800076
5986800228
5986800237
5986800802
5986800879
5986800905
5986801047
5986801055
5986801160
5986801396
5986801411
5986801476
5986802676
5986805033
5986806434
5986809152
5986809180
5986809183
5986809202
5986809266
5986908796
5987009218
5987110268
5987209814
5987309814
