01211000050175
02784000055691
03068000114976
03073000105527
03075000143032
03135000066312
03136000198929
03307000237667
05401000059990
05402000119969
05403000077998
05404000155991
06189000128862
06191000123083
07132000212051
07509000049283
07535000037611
07626000097707
07922000098311
08102000085796
08262000083237
08288000044592
08289000034921
08292000055691
08304000056471
08305000063237
08310000082439
08316000134551
08317000048308
08755000215051
08756000065506
09568000116974
10148000068308
10398000144896
11226000074317
11230000138144
11845000262194
13698000031402
14785000036595
14905000159815
14988000085324
15028000192389
15702000028565
15703000044666
15883000123083
16287000063518
17477000131516
18182000214356
18225000250731
18662000309116
18857000022305
19439000077613
21216000367182
21564000280803
22037000343209
22178000604361
22531000256420
23301000025763
23768000367602
25691000114912
25910000099137
25911000054598
25912000141985
26109000042878
26444000217136
26701000054431
26702000142362
26703000100189
27144000275745
27579000172122
28397000225559
28590000295632
28663000095404
28809000128938
28810000317860
28879000156582
28894000037848
30338000184167
30630000046998
30743000074057
31052000223800
31283000206673
31308000296751
31574000165017
31906000194386
33428000119212
33483000051363
33484000132837
33712000181007
33807000016996
33808000037720
33810000057412
33860000275745
33993000297780
33994000368886
34037000032606
35814000222816
35815000222816
35816000275458
35857000113996
36921000144187
38438000522385
39705000258506
40197000117895
40199000158411
41502000019001
41503000041487
41561000055216
41637000061927
41784000118559
42038000150512
43411000671697
43812000177428
44878000038556
44879000068661
46201000083321
46653000072898
46707000052333
47271000045130
47558000083000
47559000086845
47810000873147
47811000460899
47812000917614
48077000326768
48219000113177
49016000050300
50012000185883
50013000301038
50256000031827
50354000145013
50355000267243
50396000326518
50397000382077
50400000070731
50401000056192
50515000336410
50516000086457
50810000336017
51025000859994
51317000160593
53248000028679
53873000194381
55969000070589
56782000834671
57279000074344
58065000104926
58066000141476
58348000037338
58432000135184
58626000063661
58632000117506
