00661002832               00003
00661009640.035           00003
01196024281               00088
012110404615              00003
01330003310.1             00088
01330010620.1             00088
01330011842               00088
0278405456600             00003
02966024281               00088
030680033550              00090
0306801062100             00090
03073003350.05            00090
03075003350.05            00090
031350352810              00003
031350496225              00003
031360352810              00003
031360496225              00003
033070352820              00003
033070496212.5            00003
054010352810              00003
054020352810              00003
054030352820              00003
054040352820              00003
05905043421               00088
05906043421               00088
061890631430              00003
061910096430              00004
0619102826150             00004
07132002212               00088
07132002392               00088
07132005790.5             00088
071320131342              00088
07132091830.1             00088
07509013023               00003
075260096430              00004
075260463175              00004
07535092662000            00003
0762605033                00001
0762609180                00001
0762609183                00001
07922092662000            00003
0810201478                00001
0810203210                00001
0810209183                00001
0810209202                00001
0810209266                00001
08262006012               00003
08262008260.25            00003
0828800826150             00004
082880096430              00004
08289054561               00088
08292054561               00088
083040101210              00014
0830401096250             00014
08305009640.01            00003
08305069122               00003
0831001096500             00014
0831601359250             00014
08317008260.05/0.075/0.12500003
08317009640.03/0.04/0.03  00003
0873000337                00001
0873000409                00001
0873000734                00001
0873001554                00001
087550036552              00088
08756035285               00003
0875700454                00001
093320093910              00088
09332043420.24            00088
093330093910              00088
09333043420.24            00088
0956000252                00001
0956000706                00001
0956002488                00001
0956100252                00001
0956100707                00001
0956102488                00001
09568003350.5             00035
095680242810              00035
10148002950.1             00088
10148012000.5             00088
10148054561               00088
103980006810              00003
10772010775000            00045
11226011820.5             00014
1123000667100             00090
1169810030                00001
11845003915               00003
1239400019                00001
1239401478                00001
1239500019                00001
1239501478                00001
12793002170.20            00088
12793006570.10            00088
12793012280.30            00088
12793091830.10            00088
12793096930.05            00088
1369800826150             00004
136980096430              00004
14785006015               00014
147850081550              00014
1490500667100             00090
1498800083                00001
1498800237                00001
1498800321                00001
1498800374                00001
1498800621                00001
1498801161                00001
1498809266                00001
1502800667100             00090
157020130330              00003
15702022432               00003
1570207228250             00003
1570301303                00001
1570302243                00001
1570307228                00001
158830096420              00004
1588302826150             00004
1601901478100             00004
16019101021               00059
160191020210              00003
1602500527                00001
1602501241                00001
1602502133                00001
1602507392                00001
161750039610              00003
161760039650              00003
16287042781               00003
16330069922               00014
1682201656                00001
1700900025200             00004
1747704046100             00003
181820006820              00003
182250127549.116          00088
1836801656                00001
18658008866               00014
186620160930              00003
187350096420              00004
187350463175              00004
18857013023               00003
1943900237                00001
1943900241                00001
1943900905                00001
1943901396                00001
1943902676                00001
1943905033                00001
1943906434                00001
1943909152                00001
1943909180                00001
1943909183                00001
1943909210                00001
1943909266                00001
196230940850              00005
2006101089                00001
2006101272                00001
2006101326                00001
2006101554                00001
2006200836                00001
2006200849                00001
2006201089                00001
2006201272                00001
2006201554                00001
2006209474                00001
2006209852                00001
2006209913                00001
2068300259                00001
2068300409                00001
2068300657                00001
2068301554                00001
2068304740                00001
2068307740                00001
20961008866               00014
2104010030                00001
21216003911               00003
2131400394500             00003
21564017325               00003
2196801564150             00003
2196901564450             00003
220370173210              00003
2217801400600             00005
222870161750              00003
2228801617100             00003
224080093910              00088
22408043420.12            00088
225310006840              00003
22569023321/10            00088
2261301656                00001
230860140720              00003
230870140780              00003
230960082630              00004
2321901656                00001
2330100826100             00004
233010096420              00004
2335200584                00001
2335200841                00001
2335200853                00001
2364401656                00001
2364601656                00001
2370200237                00001
2370200480                00001
2370209152                00001
2370800237                00001
2370809152                00001
2370809467                00001
2376801892250             00005
23939004090.25            00088
23939028740.5             00088
23940004090.25            00088
23940028740.5             00088
2394201656                00001
2394401656                00001
2423600237                00001
2423609152                00001
2423609486                00001
2424900188                00001
2424900337                00001
2424900409                00001
2424900866                00001
2424901232                00001
2424901550                00001
2424909152                00001
2513301656                00001
2514501656                00001
2558301537150             00003
2558309408300             00003
2569109525400             00003
2591000018                00001
2591000076                00001
2591000228                00001
2591000237                00001
2591000802                00001
2591000879                00001
2591000905                00001
2591001047                00001
2591001055                00001
2591001160                00001
2591001396                00001
2591001411                00001
2591001476                00001
2591002676                00001
2591005033                00001
2591006434                00001
2591009152                00001
2591009180                00001
2591009183                00001
2591009202                00001
2591009266                00001
2591100018                00001
2591100076                00001
2591100228                00001
2591100237                00001
2591100802                00001
2591100879                00001
2591100905                00001
2591101047                00001
2591101055                00001
2591101160                00001
2591101396                00001
2591101411                00001
2591101476                00001
2591102676                00001
2591105033                00001
2591106434                00001
2591109152                00001
2591109180                00001
2591109183                00001
2591109202                00001
2591109266                00001
2591200018                00001
2591200076                00001
2591200228                00001
2591200237                00001
2591200802                00001
2591200879                00001
2591200905                00001
2591201047                00001
2591201055                00001
2591201160                00001
2591201396                00001
2591201411                00001
2591201476                00001
2591202676                00001
2591205033                00001
2591206434                00001
2591209152                00001
2591209180                00001
2591209183                00001
2591209202                00001
2591209266                00001
2610800019                00001
2610801478                00001
2610900288                00001
2610901396                00001
2610906434                00001
2610909180                00001
2610909183                00001
2626001089                00001
2626001554                00001
2626004740                00001
2626009474                00001
2626009913                00001
2634201656                00001
2644409525400             00003
2670100018100             00003
26701002410.4             00003
267010038123              00003
26701009050.15            00003
267010139615              00003
267010141110              00003
2670101476100             00003
26701050330.01            00003
267010643450              00003
267010918015              00003
267010918310              00003
2670109266500             00003
2670200018                00001
2670200513                00001
2670201411                00001
2670201476                00001
2670209266                00001
2670300018                00001
2670300513                00001
2670301411                00001
2670301476                00001
2670309266                00001
2683200211400             00003
268330161520              00014
27144017324               00003
2757900769500             00003
275790918350              00003
2837501607200             00003
2839701466100             00003
283970496225              00003
2847500150500             00003
2847509266200             00003
285900066750              00023
2866301478                00001
2866303210                00001
2866304342                00001
2866309183                00001
2866309202                00001
2866309266                00001
28743002372               00088
28743008668               00088
28743010372               00088
2874309152100000          00064
28744002372               00088
28744008668               00088
28744010372               00088
2874409152100000          00064
28745002372               00088
28745004090.25            00088
2874509152100000          00064
28746002372               00088
28746004090.25            00088
2874609152100000          00064
28809096175               00003
28810096175               00003
288790282675              00004
2889400513                00001
2889409266                00001
2958401656                00001
2958501656                00001
2958701656                00001
2958801656                00001
2959201656                00001
2959301656                00001
2959401656                00001
2959501656                00001
2959601656                00001
2960201656                00001
2960501656                00001
2960701656                00001
2960801656                00001
2960901656                00001
2961001656                00001
2961101656                00001
2961201656                00001
2961301656                00001
2961501656                00001
2961601656                00001
2961701656                00001
2962601656                00001
2962901656                00001
2963101656                00001
2963201656                00001
2963401656                00001
29804096410.5             00014
2991801656                00001
2991901656                00001
3012700007400             00003
3012800007400             00003
303380146650              00003
3056000237                00001
3056000288                00001
3056009152                00001
30630006011               00003
30743006012               00003
3105200237                00001
3105200241                00001
3105200905                00001
3105201396                00001
3105202676                00001
3105205033                00001
3105206434                00001
3105209152                00001
3105209180                00001
3105209183                00001
3105209210                00001
3105209266                00001
312830146650              00003
312830496212.5            00003
3130801466100             00003
31374004380.5             00088
31374006218               00088
31374006558               00088
31374010350.5             00088
31374030980.4             00088
3157400288                00001
3157400769                00001
3157400905                00001
3157401069                00001
3157406202                00001
3157409183                00001
31831009640.03            00003
31831096673               00003
319060966890              00003
3202702874                00001
3202709673                00001
3236701656                00001
3252900150400             00003
3252909266240             00003
3253000150400             00003
3253009266240             00003
3267500102833             00045
3267600102833             00045
334280968310              00003
33433012381               00088
33433058122               00088
33433097525               00088
3344900007100             00005
33483003350.0643          00090
33483010620.1             00090
33483024281               00090
33484003350.0643          00090
33484010620.1             00090
33484024281               00090
3364400103                00001
3364409518                00001
3364500103                00001
3364509518                00001
337120066750              00023
3380701479500             00003
3380801479500             00003
3381001479500             00005
33860017324               00003
339930966860              00003
339940966890              00003
3403700007600             00003
3437200007400             00003
3449809640600             00003
3450200237                00001
3450200288                00001
3450200365                00001
3450200769                00001
3450200905                00001
3450201533                00001
3450206202                00001
3450209152                00001
3450209183                00001
3492002428200             00003
3492102428100             00003
34922024281               00088
3545401656                00001
3545501656                00001
3545601656                00001
3545701656                00001
3545801656                00001
3545901656                00001
3555901656                00001
3562801656                00001
3562901656                00001
358140006810              00003
358140968310              00003
358150006820              00003
358150968310              00003
358160006840              00003
358160968310              00003
358570968310              00003
36147013184               00005
3628000527                00001
3628001241                00001
3628002133                00001
3628007392                00001
3638501512200             00003
36386015121000            00003
3663000438                00001
3663000621                00001
3663000655                00001
3663001035                00001
3663003098                00001
36684009641               00003
36684096672               00003
3676500007200             00005
3687401656                00001
3687501656                00001
3687601656                00001
3692109668120             00003
3700100177                00001
3700101215                00001
3700101468                00001
3700104635                00001
3714300156                00001
3714300559                00001
3714301677                00001
3714303895                00001
373190093910              00088
37319012525               00088
37319043420.24            00088
3748700103                00001
3748709518                00001
3781208580250             00014
3817401656                00001
3825400237                00001
3825400288                00001
3825409152                00001
3825500288                00001
3825500409                00001
3825500450                00001
3843801400600             00003
3848201656                00001
3890401656                00001
3903601656                00001
3933401656                00001
3933501656                00001
3937700188                00001
3937700337                00001
3937700866                00001
3937701037                00001
3946501656                00001
3946601656                00001
3946701656                00001
3947101656                00001
3949101656                00001
3949201656                00001
3949301656                00001
3949401656                00001
3949501656                00001
3957601656                00001
3957701656                00001
3957801656                00001
3957901656                00001
3958201656                00001
3958301656                00001
3959101656                00001
3959201656                00001
3970501466100             00003
397050496212.5            00003
3975300480                00001
3975400833                00001
3975401622                00001
3975509863                00001
3975600321                00001
3975800704                00001
3975801472                00001
3975900447                00001
3975900465                00001
3976009864                00001
3976101472                00001
3976200948                00001
3976201471                00001
3976300426                00001
3976400349                00001
3976400704                00001
3976401622                00001
3976509674                00001
3976609865                00001
3976701656                00001
3976801656                00001
3976900237                00001
3976900409                00001
3976900450                00001
3976900657                00001
3976910212                00001
3977000217                00001
3977001533                00001
3977009567                00001
3977501656                00001
398120174550              00004
3981401745100             00004
3981601318                00001
3981701318                00001
3996601537150             00003
3996601607200             00003
3996609408300             00003
4002000103                00001
4002009518                00001
4007401656                00001
4007501656                00001
4019700676125             00003
4019701479500             00003
4019901969500             00003
4024100084                00001
4024108297                00001
4024109975                00001
4066600409                00001
4066600948                00001
4066607684                00001
4066609745                00001
4066700237                00001
4066709152                00001
4066709467                00001
412390174550              00004
4127709851                00001
4127709852                00001
41301000462               00088
4150200150100             00003
4150300150100             00003
4156100654875             00003
4163700007600             00003
4168409494500             00003
4171101656                00001
4178400654875             00003
4178400676125             00003
4191400177                00001
4191401468                00001
4191801656                00001
420380146650              00003
4210901656                00001
4211000349                00001
4211000373                00001
4211000818                00001
4211001255                00001
4211001275                00001
4211003210                00001
4211009266                00001
4211009926                00001
4211101275                00001
4211101301                00001
4211109266                00001
4211109926                00001
4211201275                00001
4211209266                00001
4211209926                00001
42232009640.02            00003
42232096673               00003
4223600761                00001
4223601136                00001
4223601468                00001
4223700237                00001
4223700294                00001
4223700763                00001
4223709152                00001
4223800237                00001
4223801313                00001
42298002370.5             00088
42298003658               00088
42298008668               00088
42298010372               00088
42298015501               00088
4234401656                00001
4260201656                00001
4264202612500             00008
42643026121000            00008
4269800103                00001
4269809518                00001
4289201656                00001
4289301656                00001
4289401656                00001
4290101656                00001
4304600409                00001
4304600657                00001
4304604740                00001
4304800237                00001
4304800657                00001
4304800853                00001
4304801215                00001
4304809266                00001
434110997010              00003
4352800409                00001
4352800657                00001
4352801411                00001
4352900237                00001
4352900657                00001
4352909152                00001
43563002370.5             00088
43563003658               00088
43563008668               00088
43563010372               00088
43563015501               00088
4357000939                00001
4357100150100             00003
4367010421                00001
4381209525400             00003
438170953675              00003
4397700438                00001
4397700704                00001
4397701539                00001
4397701567                00001
4397701604                00001
4397704635                00001
4407501656                00001
4420100049                00001
4420100993                00001
4420101215                00001
4430607228500             00003
44348008580.5-2           00002
4435800496                00001
4435803210                00001
4435809418                00001
4435809806                00001
4435809989                00001
4443209779500             00003
4446010059                00001
4446110059                00001
4446210059                00001
4487800150325             00003
4487900150325             00003
4490000163                00001
4490000237                00001
4490000365                00001
4490000853                00001
4490009534                00001
4490010079                00001
4490100237                00001
4490100365                00001
4490100853                00001
4490104740                00001
4490109266                00001
4490110079                00001
4490702308                00001
4490707228                00001
4497209758300             00003
4511900084                00001
4511909975                00001
4537400103                00001
4537409518                00001
4537500103                00001
4537509518                00001
4548900237                00001
4548900480                00001
4548909152                00001
4549501656                00001
4550301656                00001
45665009642.7             00003
456651009111.7            00003
4587109785100             00003
4587209785400             00003
45873104755               00003
4587710030                00001
4589700584                00001
4589700841                00001
4589700853                00001
4589800584                00001
4589800841                00001
4589800853                00001
4593610059                00001
4593710059                00001
4593810059                00001
4593910059                00001
4594010059                00001
4594110059                00001
4594210059                00001
4594310059                00001
4594410059                00001
4594510059                00001
4594610059                00001
4594810059                00001
4594910059                00001
4595010059                00001
4595110059                00001
4595210059                00001
4595310059                00001
4595410059                00001
4595510059                00001
4595610059                00001
4596610030                00001
4596710030                00001
4606401656                00001
4606501656                00001
4620108182100             00023
4622100601                00001
4622109895                00001
4627810102                00001
4638800237                00001
4638800853                00001
4638809152                00001
4638900237                00001
4638900657                00001
4638909152                00001
4641910059                00001
464230082652              00003
4654901537300             00003
4654909452600             00003
465510093910              00088
46551043420.24            00088
4657600255150             00003
466530067657              00003
4665301479400             00003
4668309852                00001
4670700007200             00005
4671300237                00001
4671301554                00001
4671309673                00001
46878098952               00003
4706100237                00001
4706100539                00001
4706110102                00001
4708600103                00001
4708609518                00001
4722601537300             00003
4722609758300             00003
472710305850              00003
4727107228400             00003
4743901537300             00003
4744000177                00001
4744000361                00001
4744000438                00001
4744000647                00001
4744000704                00001
4744001441                00001
475161011250              00003
4751710112100             00003
475580053530              00003
4755801479500             00003
475590053560              00003
4755901479875             00003
478100997015              00003
478110997020              00003
478120997020              00003
47849023085               00003
4784907228250             00003
4784909831100             00003
4785300387                00001
4785301164                00001
4785302874                00001
4786401318                00001
4794601567                00002
480141009168              00003
4804800237                00001
4804800657                00001
4804809152                00001
4804901656                00001
4807710139                00001
481710981750              00003
48219011820.3             00003
482190305850              00003
48219050335               00003
4823710059                00001
4824401656                00001
4824501656                00001
48273009640.02            00003
48273096673               00003
48273101460.451           00003
4831109851                00001
4831109852                00001
4847101656                00001
4847201656                00001
4901600173                00001
4901600535                00001
4906910176100             00083
4907010176150             00083
4907101597                00001
4908301523100             00003
4908310178600             00003
4911010180                00001
4931300288                00001
4931400288                00001
4940206107500             00003
4951300237                00001
4951300365                00001
4951309152                00001
4959700879100             00014
4962300188                00001
4962300337                00001
4962300409                00001
4962300859                00001
4962300866                00001
4962301037                00001
4962301550                00001
4962309152                00001
4962400188                00001
4962400337                00001
4962400409                00001
4962400859                00001
4962400866                00001
4962401037                00001
4962401550                00001
4962409152                00001
4962500188                00001
4962500337                00001
4962500409                00001
4962500859                00001
4962500866                00001
4962501037                00001
4962501550                00001
4962509152                00001
4984810059                00001
500120168910              00003
500130168910              00003
50067002372               00088
50067004090.25            00088
5006709152100000          00064
5007000288                00001
5007000409                00001
5007000450                00001
5007100237                00001
5007100853                00001
5007109152                00001
5025500007400             00003
5025600007600             00003
5025700007600             00003
503200050210              00003
50320012002.50            00003
50320048180.25            00003
5034301656                00001
5034401656                00001
5034501656                00001
503540973310              00003
503550973320              00003
503960006840              00001
5039600150100             00003
50396080245               00001
503970006840              00001
5039700150100             00003
503970802410              00001
503981011925              00003
5039910119100             00003
504000159412.5            00003
50401015946.25            00003
50406002410.5             00003
5040604118250             00003
50457009640.02            00003
50457096673               00003
5051500388600             00003
505160159425              00003
508100168940              00003
5084200409                00001
5084200657                00001
5084201411                00001
50910095984               00005
5091101512200             00003
50912015121000            00003
5091309779500             00003
509240161520              00014
5096300621                00001
5096309152                00001
5096400621                00001
5096409152                00001
5099901656                00001
51025099702.5             00003
511580088630              00003
5115900886100             00003
5116000886150             00003
5116100886300             00003
511620060350              00003
511990140740              00014
512000140720              00003
512020032810              00003
5121101617100             00003
512120161750              00003
5121609266                00001
512370032750              00003
512550130460              00003
51255013188               00003
51255022434               00003
5125507228500             00003
512840039650              00003
513170691210              00003
5134700049                00001
5134700163                00001
5134700237                00001
5134704740                00001
5134709266                00001
5134801656                00001
5134900163                00001
5134900237                00001
5134900365                00001
5134900853                00001
5134909534                00001
5134910079                00001
5135401656                00001
5144901523100             00003
5144910178800             00003
5145906107850             00003
5157000906                00001
5157009180                00001
5165000188                00001
5165000337                00001
5165000409                00001
5165000859                00001
5165000866                00001
5165001037                00001
5165001550                00001
5165009152                00001
5165100188                00001
5165100337                00001
5165100409                00001
5165100859                00001
5165100866                00001
5165101037                00001
5165101550                00001
5165109152                00001
5165201656                00001
5174600018100             00003
51746009050.15            00003
517460139615              00003
5174601476100             00003
517460267625              00003
51746050330.01            00003
517460643450              00003
517460918015              00003
517460918310              00003
5174609266500             00003
5174700018100             00003
51747009050.15            00003
517470139615              00003
5174701476100             00003
517470267625              00003
51747050330.01            00003
517470643450              00003
517470918015              00003
517470918310              00003
51747092661000            00003
5174800018100             00003
51748009050.15            00003
517480139615              00003
5174801476100             00003
517480267625              00003
51748050330.01            00003
517480643450              00003
517480918015              00003
517480918310              00003
51748092661000            00003
5190301656                00001
5194310262400             00003
5196600150100             00003
5196700150500             00003
5196800150650             00003
5196900150500             00003
519690146840              00003
5197000150650             00003
519700146865              00003
5221601397                00001
522281027912              00092
522291027912              00092
52231101220.5             00003
522321027010              00003
5226300165                00001
5226309648                00001
5226500217                00001
5226509567                00001
523200140780              00003
524031031640              00003
5240410317200             00003
52406103191               00003
52407103191.5             00003
52411103192.0             00003
52412103192.5             00003
524131031840              00014
5250209606240             00003
5258000879100             00014
525990124550              00003
5260009494500             00003
5264500836                00001
5264500849                00001
5264501089                00001
5264501272                00001
5264501554                00001
5264509474                00001
5264509852                00001
5264509913                00001
5264601089                00001
5264601272                00001
5264601326                00001
5264601554                00001
52672002411               00003
52673002415               00003
5284300188                00001
5284300337                00001
5284300409                00001
5284300859                00001
5284300866                00001
5284301037                00001
5284301550                00001
5284309152                00001
530680140720              00003
530690036552              00088
5308109606120             00003
531410082613.5            00003
532480306650              00003
532490306675              00003
5329110197250             00003
533040093910              00088
53304023320.12            00088
533690141110              00003
53369092020.01            00003
53369092661000            00003
533700141110              00003
53370092020.01            00003
53370092661000            00003
534621015740              00014
5354709640600             00003
5354709758300             00003
5354709774200             00003
5366501656                00001
5366901656                00001
5374309785400             00003
5374409785100             00003
5378701536                00001
5378801536                00001
5378901536                00001
5379001536                00001
5379101536                00001
5379201536                00001
5379601656                00001
5383110098100             00003
5387300018                00001
5387300076                00001
5387300228                00001
5387300237                00001
5387300802                00001
5387300879                00001
5387300905                00001
5387301047                00001
5387301055                00001
5387301160                00001
5387301396                00001
5387301411                00001
5387301476                00001
5387302676                00001
5387305033                00001
5387306434                00001
5387309152                00001
5387309180                00001
5387309183                00001
5387309202                00001
5387309266                00001
5387400007400             00003
5387401468100             00003
5416010119100             00003
542800090410.12           00014
54299058122               00088
543970306625              00003
5441400188                00001
5441400337                00001
5441400409                00001
5441400859                00001
5441400866                00001
5441401037                00001
5441401550                00001
5441409152                00001
5441500237                00001
5441500409                00001
5441509152                00001
5441600237                00001
5441600409                00001
5441609152                00001
5441701656                00001
5441900188                00001
5441900337                00001
5441900409                00001
5441900859                00001
5441900866                00001
5441901037                00001
5441901550                00001
5441909152                00001
5444701656                00001
5444801656                00001
547520001850              00003
54752000760.5             00003
547520023715              00003
54752002410.1             00003
54752008794.5             00003
54752009050.2             00003
547520105562.5            00003
54752011600.5             00003
54752013961.7             00003
54752014113.75            00003
547520147662.5            00003
54752026765.5             00003
54752050330.003           00003
547520643419              00003
54752091523.333           00008
54752091801.5             00003
54752091832.2             00003
5475209218300             00008
547520926660              00003
5481109266                00001
54838101363.5             00003
548650976850              00014
5502900007400             00003
5502902404250             00003
55065069922               00014
551210971020              00003
551220971020              00003
55140101363.5             00003
5534300259                00001
5534300409                00001
5534300657                00001
5534301554                00001
5534304740                00001
5534307740                00001
5539100007100             00005
5539200007200             00005
554541031414              00003
55549004441               00014
5555800188                00001
5555800337                00001
5555800409                00001
5555800859                00001
5555800866                00001
5555801037                00001
5555801550                00001
5555809152                00001
5555900188                00001
5555900337                00001
5555900409                00001
5555900859                00001
5555900866                00001
5555901037                00001
5555901550                00001
5555909152                00001
5556001656                00001
5556100188                00001
5556100337                00001
5556100409                00001
5556100859                00001
5556100866                00001
5556101037                00001
5556101550                00001
5556109152                00001
55639002372               00088
55639004090.25            00088
5563909152100000          00064
55640002372               00088
55640004090.25            00088
5564009152100000          00064
55641002372               00088
55641004090.25            00088
5564109152100000          00064
55642002372               00088
55642004090.25            00088
5564209152100000          00064
55694027625               00002
55712104417.5             00014
5582201656                00001
5584409774200             00003
558441043110              00003
5592001656                00001
5592101656                00001
559300787910              00014
559380177910              00022
559390177920              00022
55940103606.14            00003
559401036115              00003
55941103606.14            00003
559411036115              00003
55942103608.19            00003
559421036120              00003
55943103608.19            00003
559431036120              00003
5596300315                00001
559690064810              00003
5605310102                00001
5606500150100             00003
56066012005               00014
56066022431               00014
56066040170.05            00014
56066065761               00014
5606702308                00001
5606707228                00001
56121011312               00088
56122004691               00088
56122058120.666           00088
5612209152248000          00064
561481027150              00003
56193092661000            00003
56194092661000            00003
561950001850              00003
56195000760.5             00003
561950023715              00003
56195002410.1             00003
56195008794.5             00003
56195009050.2             00003
561950105562.5            00003
56195011600.5             00003
56195013961.7             00003
56195014113.75            00003
561950147662.5            00003
56195026765.5             00003
56195050330.003           00003
561950643419              00003
56195091523.333           00008
56195091801.5             00003
56195091832.2             00003
5619509218300             00008
561950926660              00003
561960001850              00003
56196000760.5             00003
561960023715              00003
56196002410.1             00003
56196008794.5             00003
56196009050.2             00003
561960105562.5            00003
56196011600.5             00003
56196013961.7             00003
56196014113.75            00003
561960147662.5            00003
56196026765.5             00003
56196050330.003           00003
561960643419              00003
56196091523.333           00008
56196091801.5             00003
56196091832.2             00003
5619609218300             00008
561960926660              00003
5634100018                00001
5634100076                00001
5634100228                00001
5634100237                00001
5634100802                00001
5634100879                00001
5634100905                00001
5634101047                00001
5634101055                00001
5634101160                00001
5634101396                00001
5634101411                00001
5634101476                00001
5634102676                00001
5634105033                00001
5634106434                00001
5634109152                00001
5634109180                00001
5634109183                00001
5634109202                00001
5634109266                00001
5634200018                00001
5634200076                00001
5634200228                00001
5634200237                00001
5634200802                00001
5634200879                00001
5634200905                00001
5634201047                00001
5634201055                00001
5634201160                00001
5634201396                00001
5634201411                00001
5634201476                00001
5634202676                00001
5634205033                00001
5634206434                00001
5634209152                00001
5634209180                00001
5634209183                00001
5634209202                00001
5634209266                00001
5635800007400             00039
5635900007200             00039
565110140780              00040
565920140720              00040
5678208580250             00014
5690309266                00001
5700909776250             00003
57279003343.9             00014
57279003863               00014
572830093910              00002
57283043421086            00142
572840093910              00002
57284043421086            00142
572850093910              00002
57285043421450            00142
5731409789                00001
5731501624                00001
5731510043                00001
5731601220                00001
5731601624                00001
5731700447                00001
5731800447                00001
5731801622                00001
5731900447                00001
5731909679                00001
5732001656                00001
5732101472                00001
5732109789                00001
5732400447                00001
5732401624                00001
5732500447                00001
5732501220                00001
5732601656                00001
5732701656                00001
5732801656                00001
5732900447                00001
5732901472                00001
5733001656                00001
5733101622                00001
5733210191                00001
5733301656                00001
5733401656                00001
5733501656                00001
5733601656                00001
5733700628                00001
5733704635                00001
5733704660                00001
5733709266                00001
5733710041                00001
5733800177                00001
5733804635                00001
5733809266                00001
5733810044                00001
5733900426                00001
5733900906                00001
5733901220                00001
5733901226                00001
5733909266                00001
5734000833                00001
5734001622                00001
5734109863                00001
5734200704                00001
5734201472                00001
5734300447                00001
5734300465                00001
5734401472                00001
5734501622                00001
5734601472                00001
5734609910                00001
5734700447                00001
5734701472                00001
5734801656                00001
5734901656                00001
5735001656                00001
5735101656                00001
5735302874                00001
5735400237                00001
5735400480                00001
5735409152                00001
57355001771               00088
5735600480                00001
5735701656                00001
5735800237                00001
5735800480                00001
5735809152                00001
5735901656                00001
5736001656                00001
5736101472                00001
5736201622                00001
5736301656                00001
5736401656                00001
5736500704                00001
5736601656                00001
5736701656                00001
5736801622                00001
5736801624                00001
5738400480                00001
5738401164                00001
5738402874                00001
5738501656                00001
5738601656                00001
576001044110              00014
57601104412               00014
5762101537300             00003
576211027150              00003
5763700621                00001
5763709152                00001
5763801656                00001
5764001656                00001
5764101656                00001
5764201656                00001
5764301656                00001
5764501656                00001
57684004691               00088
57684058120.666           00088
5768409152248000          00064
5769110215400             00003
5769310197250             00003
5769410215200             00003
5770900447                00001
5770909266                00001
5770909910                00001
5771401656                00001
5771501656                00001
5771601656                00001
5771701656                00001
5771901656                00001
5772609416                00001
5772709416                00001
5772809416                00001
5772909988                00001
57732073925               00003
5786401656                00001
5786710059                00001
5786810059                00001
5786910059                00001
5787010059                00001
5787110059                00001
5787210059                00001
5788010059                00001
5788110059                00001
5788210059                00001
5788310059                00001
5788410059                00001
5788510059                00001
5788610059                00001
5788910059                00001
5789001656                00001
5789101656                00001
5789201656                00001
5789301656                00001
5789401656                00001
5789501656                00001
5789601656                00001
5789801656                00001
5789901656                00001
5790001656                00001
5790101656                00001
5792200288                00001
5792200409                00001
5792200450                00001
5794500993                00001
5794507684                00001
5794600993                00001
5794607684                00001
5794701478                00001
5794705052                00001
5794800906                00001
5794801226                00001
5794809180                00001
5794900906                00001
5794901226                00001
5794909180                00001
5795001156                00001
5795001301                00001
5795005052                00001
5795101156                00001
5795101301                00001
5795105052                00001
5795200848                00001
5795201471                00001
5795201773                00001
5795204635                00001
5795204660                00001
5795209700                00001
5795301478                00001
5795305052                00001
5795400416                00001
5795409180                00001
5795409674                00001
5795409841                00001
5795409909                00001
5795500416                00001
5795509180                00001
5795509674                00001
5795509841                00001
5795509909                00001
5795601559                00001
5795609887                00001
5795701559                00001
5795709887                00001
5795801559                00001
5795809887                00001
5795900906                00001
5795901226                00001
5795909180                00001
5796000848                00001
5796001471                00001
5796001773                00001
5796004635                00001
5796004660                00001
5796009700                00001
5804901745100             00004
580610174550              00004
580620174550              00004
5806306107500             00003
5806406107850             00003
580650145320              00003
580660145340              00003
58094104755               00003
5813101089                00001
5813101272                00001
5813101326                00001
5813101554                00001
5815500480                00001
5831501537300             00003
5831509452600             00003
583151027150              00003
5834800150100             00003
5834906378100             00003
5835000007100             00005
58415012634               00003
584150303450              00003
58416030341.16            00002
584320699020              00003
58461004691               00088
58461058120.666           00088
5846109152248000          00064
5849310059                00001
5849607228100             00005
585110175810              00003
585270082619.5            00003
5855801656                00001
58561069922               00014
5857800621                00001
5857809152                00001
5857900621                00001
5857909152                00001
5862601676500             00003
58632016761000            00003
5863901656                00001
5864001164                00001
5864002874                00001
5864009673                00001
5870009266                00001
5870109266                00001
587060141110              00003
58706092020.01            00003
58706092661000            00003
5883700237                00001
5883709152                00001
5883709486                00001
588380110310              00002
5886010059                00001
5886110059                00001
5886210059                00001
5886310059                00001
5889310102                00001
5890401656                00001
5890501656                00001
5890601656                00001
5890701656                00001
5890801656                00001
5892600007600             00003
589541024425              00014
589551024425              00014
5910501411                00001
5910509202                00001
5910509266                00001
5911700288                00001
5911700409                00001
5911700450                00001
5911800237                00001
5911800288                00001
5911809152                00001
59119002372               00088
59119004090.25            00088
5911909152100000          00064
5916410556300             00003
592111006820              00003
5921501656                00001
5921601656                00001
5926110215200             00003
5926210215400             00003
5928000621                00001
5928000769                00001
5928006202                00001
5928007684                00001
5933601656                00001
5933701656                00001
5948800447                00001
5948809266                00001
5948809679                00001
5948809910                00001
5948900954                00001
5948901411                00001
5948910063                00001
5948910333                00001
5949000237                00001
5949000321                00001
5949001474                00001
5949002488                00001
5949009202                00001
5949010553                00001
5949100163                00001
5949101328                00001
5949110408                00001
5949110553                00001
5949702874                00001
5949709673                00001
59630026121000            00008
5963102612500             00008
5968801656                00001
5972310059                00001
5976100252                00001
5976100707                00001
5976102488                00001
5976201656                00001
5986001543160             00003
5986700018                00001
5986700076                00001
5986700228                00001
5986700237                00001
5986700802                00001
5986700879                00001
5986700905                00001
5986701047                00001
5986701055                00001
5986701160                00001
5986701396                00001
5986701411                00001
5986701476                00001
5986702676                00001
5986705033                00001
5986706434                00001
5986709152                00001
5986709180                00001
5986709183                00001
5986709202                00001
5986709266                00001
5986800018                00001
5986800076                00001
5986800228                00001
5986800237                00001
5986800802                00001
5986800879                00001
5986800905                00001
5986801047                00001
5986801055                00001
5986801160                00001
5986801396                00001
5986801411                00001
5986801476                00001
5986802676                00001
5986805033                00001
5986806434                00001
5986809152                00001
5986809180                00001
5986809183                00001
5986809202                00001
5986809266                00001
59869087960.3             00088
598700921850000           00008
598711026860              00003
598720981410              00003
59873098145               00003
