00661124291000221104                 
01196275131000221106                 
01211132621000221105                 
02784201431000221106                 
02966275161000221100                 
03068273461000221109                 
03073273471000221100                 
03075273481000221102                 
03135209791000221100                 
0313697781000221102                  
0330798401000221100                  
05401108661000221108                 
05402108671000221104                 
05403105921000221100                 
05404105931000221102                 
06189105011000221109                 
06191169361000221106                 
07132288321000221109                 
07509102421000221100                 
07526164901000221105                 
07535250661000221102                 
07626196791000221105                 
07922250651000221104                 
08102237691000221107                 
08262189381000221101                 
08288128201000221101                 
08289293391000221104                 
08292293401000221102                 
08304302461000221101                 
08305131051000221100                 
08310302921000221100                 
08316312781000221100                 
08317191081000221104                 
08756107871000221104                 
09568289891000221109                 
10148306361000221105                 
10398109231000221106                 
10772282671000221104                 
11226266731000221105                 
11230275041000221103                 
11845121241000221107                 
12394128881000221108                 
12395128891000221106                 
12793260071000221108                 
13698153291000221103                 
14785291191000221102                 
14905295761000221109                 
14988236781000221104                 
15028275051000221101                 
15702171561000221107                 
15703171571000221103                 
1588398761000221108                  
16019263941000221106                 
16025237341000221108                 
16175305591000221104                 
16176305601000221109                 
16287101951000221108                 
16330276161000221109                 
17477138721000221102                 
18182107831000221102                 
18658274641000221109                 
18662201281000221108                 
18735100611000221108                 
18857100441000221105                 
19439236311000221107                 
19623318041000221107                 
20961274631000221102                 
21216106141000221101                 
21314267221000221102                 
21564127941000221108                 
21968297071000221107                 
21969297081000221105                 
22037127921000221104                 
22178277641000221103                 
22287317281000221109                 
22288317271000221106                 
22531108381000221105                 
23086274391000221108                 
23087274401000221105                 
23096122121000221104                 
23301121971000221109                 
23768267291000221100                 
25583114941000221106                 
25691199601000221100                 
25910236171000221103                 
26108128901000221105                 
26109262251000221106                 
26444199611000221102                 
26701236531000221107                 
26702236541000221100                 
26703236571000221105                 
26832312311000221108                 
26833301281000221103                 
27144127961000221107                 
27579205071000221100                 
28375122311000221107                 
28397136601000221104                 
28475262211000221105                 
28590294001000221109                 
28663238831000221106                 
28809116841000221109                 
28810116851000221106                 
28879116431000221104                 
28894121271000221102                 
29804297791000221105                 
30127160141000221102                 
30128160151000221100                 
30338105971000221104                 
30630196821000221104                 
30743191031000221100                 
31052236321000221102                 
31283136581000221106                 
31308120431000221107                 
31374303211000221108                 
31831169751000221105                 
31906136921000221104                 
32529262221000221100                 
32530262231000221102                 
32675303371000221108                 
32676303391000221109                 
33428157061000221107                 
33433275151000221102                 
33449256511000221103                 
33483303461000221107                 
33484303471000221103                 
33712294011000221107                 
33807191591000221109                 
33808191601000221104                 
33810276561000221103                 
33860307231000221106                 
33993136901000221106                 
33994136931000221101                 
34037170331000221102                 
34372138561000221100                 
34498199461000221101                 
34920199571000221109                 
34921119111000221109                 
34922275141000221104                 
35814132261000221100                 
35815132291000221105                 
35816132311000221109                 
35857157081000221100                 
36147313661000221106                 
36280237331000221101                 
36385280911000221103                 
36386280901000221101                 
36630303191000221107                 
36684139511000221106                 
36921136951000221105                 
37812294151000221107                 
38438210521000221102                 
39705101741000221108                 
39812133721000221109                 
39814133751000221103                 
39816313621000221103                 
39817313611000221108                 
3996698281000221107                  
40197119771000221102                 
40199193731000221102                 
41301272991000221100                 
41502246251000221101                 
41503246261000221104                 
41561191631000221109                 
41637145841000221106                 
41684175651000221108                 
41784119801000221100                 
4203895651000221109                  
42232102611000221107                 
42642287601000221109                 
42643287581000221102                 
43411161241000221102                 
43571189231000221107                 
43670262851000221105                 
43812261481000221106                 
43817245571000221101                 
44306377971000221107                 
44432314211000221107                 
44878246241000221103                 
44879246271000221108                 
44972171441000221107                 
45665242551000221103                 
45871199481000221108                 
45872249161000221101                 
45873304371000221105                 
46201248391000221102                 
46221112851000221107                 
46423246731000221101                 
46549172051000221105                 
46576253401000221105                 
46653276601000221103                 
46707256531000221106                 
46878193611000221100                 
47226198711000221102                 
47271191551000221101                 
47439178511000221100                 
47516247711000221106                 
47517247091000221101                 
47558192991000221108                 
47558375911000221105                 
47559184921000221100                 
47559375921000221100                 
47810201591000221109                 
47811201621000221106                 
47812201631000221109                 
47849199271000221106                 
47864313641000221107                 
47946313651000221109                 
48014211861000221100                 
48077241831000221104                 
48171313141000221103                 
48219181221000221108                 
48273180311000221100                 
49016313631000221100                 
49069275061000221104                 
49070275071000221108                 
49083125031000221109                 
49402204331000221104                 
49597293011000221109                 
50012242221000221106                 
50013242231000221109                 
50255189681000221105                 
50256110051000221103                 
50320171231000221104                 
50355218291000221100                 
50396217281000221102                 
50398262321000221109                 
50399262311000221104                 
50400150611000221103                 
50401138631000221105                 
50406239171000221109                 
50457169731000221101                 
50515249951000221101                 
50516193251000221102                 
50910256161000221106                 
50911280561000221108                 
50912280551000221106                 
50913300201000221102                 
50924286241000221105                 
51025214211000221104                 
51158299151000221106                 
51159299131000221102                 
51160299141000221109                 
51161299161000221108                 
51162278741000221105                 
51199273801000221106                 
51200273791000221105                 
51202284941000221106                 
51211296881000221102                 
51212296891000221104                 
51237275531000221100                 
51255220851000221102                 
51284274531000221101                 
51317220411000221101                 
51449220241000221103                 
51459204381000221103                 
51943223681000221100                 
51966189221000221109                 
51967134321000221107                 
51968158541000221103                 
51969194121000221104                 
51970111081000221100                 
52228285691000221107                 
52229285701000221107                 
52231182521000221102                 
52232253691000221103                 
52320274421000221103                 
52403252941000221108                 
52404254211000221109                 
52406255741000221102                 
52407254351000221102                 
52411255761000221103                 
52412254381000221107                 
52413276531000221109                 
52502220721000221104                 
52580293021000221104                 
52599221551000221108                 
52600234481000221102                 
52672112421000221103                 
52673112441000221107                 
53068274411000221108                 
53081226361000221108                 
53141226701000221108                 
53249387521000221105                 
53291227361000221105                 
53462301761000221102                 
53547232511000221103                 
53743231971000221108                 
53744231951000221101                 
53831261681000221109                 
53873236181000221100                 
53874233481000221100                 
54160324701000221107                 
54280313911000221100                 
54299304141000221103                 
54838306801000221100                 
54865279681000221102                 
55029243801000221105                 
55065276171000221100                 
55140274991000221109                 
55391256521000221108                 
55392256541000221104                 
55454250751000221106                 
55549306611000221103                 
55712305561000221109                 
55844324601000221103                 
55930328071000221108                 
55938329251000221101                 
55939327901000221103                 
55940324641000221101                 
55941324651000221104                 
55942324671000221106                 
55943324681000221109                 
55963260081000221106                 
56066322951000221102                 
56121331021000221103                 
56122323071000221103                 
56148328661000221107                 
56341236371000221101                 
56342236361000221105                 
56511325151000221108                 
56592352271000221101                 
57009374731000221103                 
57600378471000221102                 
57601378481000221104                 
57621376491000221102                 
57684323821000221106                 
57691376781000221105                 
57693388671000221109                 
57694376751000221100                 
57732377871000221104                 
58094386481000221108                 
58527373811000221102                 
